11
0 0.000000 37.039215 43.007348 46.998520 36.522541 39.249772 44.410604 36.589890 44.069632 38.340831 46.249585
1 37.039215 0.000000 44.809879 46.415081 36.146184 39.335112 44.090220 43.745091 36.620500 38.967961 43.911956
10 43.007348 44.809879 0.000000 24.167128 49.954972 50.512317 35.425676 46.248913 54.150240 44.491478 28.535880
2 46.998520 46.415081 24.167128 0.000000 52.262981 49.561202 29.364108 50.774790 48.656798 51.711084 25.760961
3 36.522541 36.146184 49.954972 52.262981 0.000000 41.945887 47.501844 47.470847 18.489501 44.215729 49.041564
4 39.249772 39.335112 50.512317 49.561202 41.945887 0.000000 47.592296 22.935866 41.848060 36.881647 47.410688
5 44.410604 44.090220 35.425676 29.364108 47.501844 47.592296 0.000000 44.962498 46.927348 40.421612 34.197026
6 36.589890 43.745091 46.248913 50.774790 47.470847 22.935866 44.962498 0.000000 45.784076 31.839829 49.617471
7 44.069632 36.620500 54.150240 48.656798 18.489501 41.848060 46.927348 45.784076 0.000000 39.416311 47.775713
8 38.340831 38.967961 44.491478 51.711084 44.215729 36.881647 40.421612 31.839829 39.416311 0.000000 46.971860
9 46.249585 43.911956 28.535880 25.760961 49.041564 47.410688 34.197026 49.617471 47.775713 46.971860 0.000000
