37
BOS 0.000000 6247.948255 663.330632 2845.287500 3009.580425 3368.949116 2710.736603 3410.632939 522.779464 677.215527 721.512062 2889.215435 8912.903230 8869.539340 3342.657082 4290.522942 4982.486451 3545.099499 3713.555244 577.562042 6120.584068 4575.929243 3146.147232 4477.118130 5685.147339 8674.849221 6799.346666 4093.278309 589.982456 3713.771161 701.094106 3819.579560 103.904135 4889.819670 4650.710243 24.250920 145.958165
CAL 6247.948255 0.000000 4951.029401 1189.090108 4087.262506 4127.027459 1261.892378 3301.365499 2760.408348 4448.948566 5048.063104 2817.237250 516.592276 464.687989 4412.995166 3010.432125 546.754028 3598.897577 1840.616827 3047.154098 196.989312 1552.012142 2526.581938 1466.667421 533.715913 503.844778 360.651428 3776.348672 2609.423702 1841.676082 2704.087058 1232.209879 6581.054243 396.233461 882.895594 6989.795149 6054.833856
CAN 663.330632 4951.029401 0.000000 3148.416714 1954.393655 2313.761564 2909.141977 2094.257361 352.037321 519.381503 10.698574 1411.614513 7619.574949 7576.211058 2764.882546 3122.315943 2962.854258 2376.892012 4739.691732 421.187246 4826.679046 2684.300471 1873.480607 3482.399546 3568.071721 7381.520940 5457.658712 3515.508814 406.276796 4739.907649 530.806177 2905.311434 698.607962 4403.225070 2438.714054 667.394487 602.567148
CAV 2845.287500 1189.090108 3148.416714 0.000000 2428.975533 2468.752284 166.801011 2048.146561 2879.732124 2413.732535 3731.410659 1674.635020 4216.694283 4173.330137 2048.766657 2936.140565 1038.377118 3524.951117 274.145221 2564.378899 1278.745844 465.094376 1637.888089 477.816189 1025.714141 3978.639687 5364.722691 2774.760702 2773.638598 268.020834 2982.558156 162.989672 5045.694731 1038.212855 646.417391 5454.716612 4519.749687
CHO 3009.580425 4087.262506 1954.393655 2428.975533 0.000000 5.276789 2676.618056 536.990330 1862.108949 1438.972836 2050.219694 598.882302 6242.030671 6198.666780 734.339919 665.536726 3166.490204 687.366007 3314.841647 1629.262467 5643.091787 3212.148010 537.353074 2297.276393 2765.775189 6003.976662 6320.066201 694.507109 1922.470325 3315.057981 1667.320217 2826.319085 2750.790327 2562.132341 1373.331287 3087.049226 4390.373892
DAS 3368.949116 4127.027459 2313.761564 2468.752284 5.276789 0.000000 2716.400964 644.990804 1672.948302 1254.367301 2409.587602 537.082521 6281.809466 6238.445576 693.060222 663.227398 3206.232874 685.040081 3354.632858 1988.631068 5682.870582 3251.952631 583.080446 2337.086985 2805.517860 6043.755458 6359.844996 653.228157 1732.561941 3354.849192 1478.710834 1630.542162 2416.233566 2601.889699 1372.974686 2752.492465 4055.817131
DIP 2710.736603 1261.892378 2909.141977 166.801011 2676.618056 2716.400964 0.000000 2498.544012 1991.710263 2904.237692 3011.542151 2023.039865 5591.100535 5547.736292 3418.210387 2810.890915 1066.876178 3399.674395 212.883777 2568.405594 1724.266134 474.005068 1772.567456 493.573682 1037.493210 5353.045729 2017.826395 2733.327389 2641.071630 203.108990 3610.947393 182.477659 4911.642457 1067.751944 673.248919 5320.191259 4385.394927
ECH 3410.632939 3301.365499 2094.257361 2048.146561 536.990330 644.990804 2498.544012 0.000000 1754.523606 1775.441699 2190.077701 566.858869 6091.499422 6048.135532 102.593699 641.407926 3232.797284 772.991469 3381.134895 2295.628617 5492.560477 2466.871806 583.731308 2502.118515 2832.415693 5853.445413 6169.525278 110.830565 1827.336570 3381.351229 1263.239390 1747.452388 3005.600334 1901.311730 1384.434923 3341.802722 4645.421232
EQU 522.779464 2760.408348 352.037321 2879.732124 1862.108949 1672.948302 1991.710263 1754.523606 0.000000 445.839514 340.680934 1346.802114 7233.852193 7190.488303 2424.645348 2735.828378 2565.095168 1990.407122 3185.216033 325.709142 4439.657467 1927.678348 1430.892901 2725.967398 2107.854613 6995.798184 5070.944336 3175.268713 325.125466 3185.431950 435.155793 2349.054143 496.739961 1934.227219 1603.740737 539.074991 479.131387
ERI 677.215527 4448.948566 519.381503 2413.732535 1438.972836 1254.367301 2904.237692 1775.441699 445.839514 0.000000 541.409291 1163.789799 7121.700494 7078.336604 1803.004818 2662.583607 2423.486559 1369.693891 3384.470136 481.972875 2200.710456 2259.544197 1231.430398 2163.039525 3024.444086 6883.646485 4959.220264 2553.582894 484.959553 3384.686053 155.803367 1837.099370 677.667859 1790.632931 1434.106012 698.212594 670.794577
FEL 721.512062 5048.063104 10.698574 3731.410659 2050.219694 2409.587602 3011.542151 2190.077701 340.680934 541.409291 0.000000 1411.813692 7716.614675 7673.250785 2860.702886 3218.136283 3060.222924 2472.712352 3221.457343 411.832439 4923.718773 2782.491110 1969.300884 3581.162835 3665.436016 7478.560666 5554.698439 3611.329153 405.025077 3221.673261 542.261858 3105.231112 591.927308 4500.435714 2536.537627 725.649376 608.260689
GAL 2889.215435 2817.237250 1411.614513 1674.635020 598.882302 537.082521 2023.039865 566.858869 1346.802114 1163.789799 1411.813692 0.000000 5872.833759 5829.469869 636.216816 204.582004 2373.454827 210.227836 2699.435633 1415.890632 5273.828678 2160.408209 99.212016 1882.297374 2870.575243 5634.779750 5950.847477 802.045715 1404.284312 2699.643694 1193.672874 1653.559434 2147.455403 1736.786875 1367.871848 1846.024227 4229.224446
GOR 8912.903230 516.592276 7619.574949 4216.694283 6242.030671 6281.809466 5591.100535 6091.499422 7233.852193 7121.700494 7716.614675 5872.833759 0.000000 62.632106 7203.159894 6776.120469 949.064974 7364.590030 5958.290949 8615.289026 459.149215 3178.447050 6244.666020 3093.057965 1098.278878 68.488559 167.183247 6566.513400 8175.928044 5959.296249 7224.158859 5473.879268 9246.433610 638.343280 4075.774811 9655.575249 8720.775394
HOM 8869.539340 464.687989 7576.211058 4173.330137 6198.666780 6238.445576 5547.736292 6048.135532 7190.488303 7078.336604 7673.250785 5829.469869 62.632106 0.000000 7159.796004 6732.756579 2361.391558 7321.226140 5914.926706 8571.925136 463.525791 3135.083429 6201.302130 3049.694344 2290.877324 18.670674 221.992717 6523.149510 8132.564153 5915.932006 7180.794969 5430.515074 9203.069720 2190.015430 4032.411288 9612.211358 8677.411504
LOX 3342.657082 4412.995166 2764.882546 2048.766657 734.339919 693.060222 3418.210387 102.593699 2424.645348 1803.004818 2860.702886 636.216816 7203.159894 7159.796004 0.000000 941.036876 3841.015978 909.831883 4300.622639 2227.692189 6604.220949 3484.311493 826.708553 3519.619864 3440.851137 6965.105885 7281.185750 6.624337 2498.641941 4300.838973 1837.762375 3013.537290 2937.559625 3674.635193 1872.909831 3273.784990 4577.380523
MAC 4290.522942 3010.432125 3122.315943 2936.140565 665.536726 663.227398 2810.890915 641.407926 2735.828378 2662.583607 3218.136283 204.582004 6776.120469 6732.756579 941.036876 0.000000 3238.705670 7.834438 3567.687695 2832.099385 6177.100237 3004.377556 185.036728 2724.855872 2837.952797 6538.066461 6854.074930 853.897022 2779.945594 3567.904029 2660.046813 2718.896159 3788.720210 3368.486919 2228.260321 3244.793875 5332.761096
MIC 4982.486451 546.754028 2962.854258 1038.377118 3166.490204 3206.232874 1066.876178 3232.797284 2565.095168 2423.486559 3060.222924 2373.454827 949.064974 2361.391558 3841.015978 3238.705670 0.000000 3827.148669 1641.895529 3146.876831 586.427352 1034.763960 2934.599316 1409.490727 28.043147 976.839910 835.458836 3204.730547 2708.970616 1642.968678 2341.825686 1008.978801 5315.230804 371.350043 794.117220 5724.379828 4789.549020
MON 3545.099499 3598.897577 2376.892012 3524.951117 687.366007 685.040081 3399.674395 772.991469 1990.407122 1369.693891 2472.712352 210.227836 7364.590030 7321.226140 909.831883 7.834438 3827.148669 0.000000 4156.499346 2086.677706 6765.569799 3593.001668 199.777958 3313.497512 3426.391818 7126.536022 7442.544492 822.788466 2034.523148 4156.715680 1368.097125 3307.679571 3043.296799 3956.991452 1981.766621 2499.370464 4587.337685
MUS 3713.555244 1840.616827 4739.691732 274.145221 3314.841647 3354.632858 212.883777 3381.134895 3185.216033 3384.470136 3221.457343 2699.435633 5958.290949 5914.926706 4300.622639 3567.687695 1641.895529 4156.499346 0.000000 3296.459236 2091.503478 578.440400 3120.329917 633.331571 1626.768860 5720.236143 2384.907468 3615.739642 4022.634929 4.108064 2703.338412 286.064251 5913.868446 1623.821354 1227.589228 6323.072575 5388.105724
MYO 577.562042 3047.154098 421.187246 2564.378899 1629.262467 1988.631068 2568.405594 2295.628617 325.709142 481.972875 411.832439 1415.890632 8615.289026 8571.925136 2227.692189 2832.099385 3146.876831 2086.677706 3296.459236 0.000000 5820.126700 2680.828573 1471.120050 2580.248418 2790.708990 8377.235017 3417.582206 2978.322146 63.005156 3296.675153 469.206783 1992.333327 555.084473 2414.278816 1897.635454 593.264464 533.686350
NEW 6120.584068 196.989312 4826.679046 1278.745844 5643.091787 5682.870582 1724.266134 5492.560477 4439.657467 2200.710456 4923.718773 5273.828678 459.149215 463.525791 6604.220949 6177.100237 586.427352 6765.569799 2091.503478 5820.126700 0.000000 1595.742497 5645.463360 1510.416692 589.775362 421.061562 310.307903 5967.574455 5380.765718 2092.508778 2253.801957 1282.177401 6454.111890 431.151161 1008.397964 6863.253528 5928.453674
OCH 4575.929243 1552.012142 2684.300471 465.094376 3212.148010 3251.952631 474.005068 2466.871806 1927.678348 2259.544197 2782.491110 2160.408209 3178.447050 3135.083429 3484.311493 3004.377556 1034.763960 3593.001668 578.440400 2680.828573 1595.742497 0.000000 2094.303160 10.809899 1026.436811 4503.539524 4325.679851 2799.428495 3045.644907 653.210155 1877.275531 476.469674 4903.332059 1098.401790 648.557214 5312.129591 4377.478530
ORN 3146.147232 2526.581938 1873.480607 1637.888089 537.353074 583.080446 1772.567456 583.731308 1430.892901 1231.430398 1969.300884 99.212016 6244.666020 6201.302130 826.708553 185.036728 2934.599316 199.777958 3120.329917 1471.120050 5645.463360 2094.303160 0.000000 1972.263643 2533.158832 6006.612011 6322.653120 739.569537 1572.297870 3120.547593 1232.102834 1726.340348 2644.241470 2197.230184 1381.339795 2100.488135 4188.282617
ORY 4477.118130 1466.667421 3482.399546 477.816189 2297.276393 2337.086985 493.573682 2502.118515 2725.967398 2163.039525 3581.162835 1882.297374 3093.057965 3049.694344 3519.619864 2724.855872 1409.490727 3313.497512 633.331571 2580.248418 1510.416692 10.809899 1972.263643 0.000000 1401.054446 4418.126730 4240.279766 2834.736866 2944.325815 586.500699 2676.362951 480.808009 4804.510393 1019.611142 613.565207 5213.307066 4278.705684
OTO 5685.147339 533.715913 3568.071721 1025.714141 2765.775189 2805.517860 1037.493210 2832.415693 2107.854613 3024.444086 3665.436016 2870.575243 1098.278878 2290.877324 3440.851137 2837.952797 28.043147 3426.391818 1626.768860 2790.708990 589.775362 1026.436811 2533.158832 1401.054446 0.000000 914.381854 784.450780 2804.565706 2352.666491 1627.886524 1986.680547 989.190712 6017.024137 364.840351 770.251193 6425.880705 5490.954444
PAN 8674.849221 503.844778 7381.520940 3978.639687 6003.976662 6043.755458 5353.045729 5853.445413 6995.798184 6883.646485 7478.560666 5634.779750 68.488559 18.670674 6965.105885 6538.066461 976.839910 7126.536022 5720.236143 8377.235017 421.061562 4503.539524 6006.612011 4418.126730 914.381854 0.000000 205.591810 6328.459391 7937.874035 5721.241443 6986.104850 5235.824624 9008.379601 731.238158 3837.721071 9417.521240 8482.721385
PON 6799.346666 360.651428 5457.658712 5364.722691 6320.066201 6359.844996 2017.826395 6169.525278 5070.944336 4959.220264 5554.698439 5950.847477 167.183247 221.992717 7281.185750 6854.074930 835.458836 7442.544492 2384.907468 3417.582206 310.307903 4325.679851 6322.653120 4240.279766 784.450780 205.591810 0.000000 6644.539256 6107.974120 2385.915437 5060.689282 1900.876918 7132.646890 602.481367 4736.032630 7541.788529 6606.988674
PRO 4093.278309 3776.348672 3515.508814 2774.760702 694.507109 653.228157 2733.327389 110.830565 3175.268713 2553.582894 3611.329153 802.045715 6566.513400 6523.149510 6.624337 853.897022 3204.730547 822.788466 3615.739642 2978.322146 5967.574455 2799.428495 739.569537 2834.736866 2804.565706 6328.459391 6644.539256 0.000000 3249.286485 3615.955976 2588.322634 2376.744560 3688.181300 3037.364357 2598.635281 4024.406665 5328.002198
PTE 589.982456 2609.423702 406.276796 2773.638598 1922.470325 1732.561941 2641.071630 1827.336570 325.125466 484.959553 405.025077 1404.284312 8175.928044 8132.564153 2498.641941 2779.945594 2708.970616 2034.523148 4022.634929 63.005156 5380.765718 3045.644907 1572.297870 2944.325815 2352.666491 7937.874035 6107.974120 3249.286485 0.000000 4022.850846 455.588428 3233.644942 564.361680 4097.227752 1716.467382 569.067057 525.026693
RAT 3713.771161 1841.676082 4739.907649 268.020834 3315.057981 3354.849192 203.108990 3381.351229 3185.431950 3384.686053 3221.673261 2699.643694 5959.296249 5915.932006 4300.838973 3567.904029 1642.968678 4156.715680 4.108064 3296.675153 2092.508778 653.210155 3120.547593 586.500699 1627.886524 5721.241443 2385.915437 3615.955976 4022.850846 0.000000 2703.554330 282.244238 5914.084363 1624.778494 1228.242556 6323.288493 5388.321641
SOR 701.094106 2704.087058 530.806177 2982.558156 1667.320217 1478.710834 3610.947393 1263.239390 435.155793 155.803367 542.261858 1193.672874 7224.158859 7180.794969 1837.762375 2660.046813 2341.825686 1368.097125 2703.338412 469.206783 2253.801957 1877.275531 1232.102834 2676.362951 1986.680547 6986.104850 5060.689282 2588.322634 455.588428 2703.554330 0.000000 1809.317544 692.813685 1779.289075 1433.103261 691.233763 702.053383
SPE 3819.579560 1232.209879 2905.311434 162.989672 2826.319085 1630.542162 182.477659 1747.452388 2349.054143 1837.099370 3105.231112 1653.559434 5473.879268 5430.515074 3013.537290 2718.896159 1008.978801 3307.679571 286.064251 1992.333327 1282.177401 476.469674 1726.340348 480.808009 989.190712 5235.824624 1900.876918 2376.744560 3233.644942 282.244238 1809.317544 0.000000 6020.450250 1014.492880 641.531153 6429.328108 5494.345148
SUS 103.904135 6581.054243 698.607962 5045.694731 2750.790327 2416.233566 4911.642457 3005.600334 496.739961 677.667859 591.927308 2147.455403 9246.433610 9203.069720 2937.559625 3788.720210 5315.230804 3043.296799 5913.868446 555.084473 6454.111890 4903.332059 2644.241470 4804.510393 6017.024137 9008.379601 7132.646890 3688.181300 564.361680 5914.084363 692.813685 6020.450250 0.000000 5222.894900 2257.380060 95.145231 96.169903
TAR 4889.819670 396.233461 4403.225070 1038.212855 2562.132341 2601.889699 1067.751944 1901.311730 1934.227219 1790.632931 4500.435714 1736.786875 638.343280 2190.015430 3674.635193 3368.486919 371.350043 3956.991452 1623.821354 2414.278816 431.151161 1098.401790 2197.230184 1019.611142 364.840351 731.238158 602.481367 3037.364357 4097.227752 1624.778494 1779.289075 1014.492880 5222.894900 0.000000 765.392764 5632.113898 4697.357352
TUP 4650.710243 882.895594 2438.714054 646.417391 1373.331287 1372.974686 673.248919 1384.434923 1603.740737 1434.106012 2536.537627 1367.871848 4075.774811 4032.411288 1872.909831 2228.260321 794.117220 1981.766621 1227.589228 1897.635454 1008.397964 648.557214 1381.339795 613.565207 770.251193 3837.721071 4736.032630 2598.635281 1716.467382 1228.242556 1433.103261 641.531153 2257.380060 765.392764 0.000000 4287.974207 3353.564271
TUR 24.250920 6989.795149 667.394487 5454.716612 3087.049226 2752.492465 5320.191259 3341.802722 539.074991 698.212594 725.649376 1846.024227 9655.575249 9612.211358 3273.784990 3244.793875 5724.379828 2499.370464 6323.072575 593.264464 6863.253528 5312.129591 2100.488135 5213.307066 6425.880705 9417.521240 7541.788529 4024.406665 569.067057 6323.288493 691.233763 6429.328108 95.145231 5632.113898 4287.974207 0.000000 138.125779
VIC 145.958165 6054.833856 602.567148 4519.749687 4390.373892 4055.817131 4385.394927 4645.421232 479.131387 670.794577 608.260689 4229.224446 8720.775394 8677.411504 4577.380523 5332.761096 4789.549020 4587.337685 5388.105724 533.686350 5928.453674 4377.478530 4188.282617 4278.705684 5490.954444 8482.721385 6606.988674 5328.002198 525.026693 5388.321641 702.053383 5494.345148 96.169903 4697.357352 3353.564271 138.125779 0.000000
