37
BOS 0.000000 5096.061556 682.022693 4427.304581 2468.763741 2574.058874 4795.341362 2561.698034 558.889093 775.235369 748.844112 2849.189628 8827.722287 8824.744828 3011.571814 3219.855918 5691.070829 3205.926653 4832.020014 621.726491 4827.020369 5149.872734 2981.322376 4760.773603 7669.892793 8435.144393 5815.624958 2939.220997 636.114932 4842.611752 742.937130 4270.498894 105.796086 8285.238684 4153.544187 19.407022 137.933944
CAL 5096.061556 0.000000 6528.872068 1268.670651 6784.961651 6531.687010 1272.020951 6376.707970 4185.122299 3070.751482 6526.602514 1930.818706 440.961111 495.691414 6632.751552 6696.259858 519.748258 6704.094919 1997.164419 4303.398166 180.314382 1554.051963 6307.525088 1243.386238 510.599165 486.976855 398.006099 6683.553805 4137.668204 1837.479064 5770.216562 1241.858353 5823.768907 359.977161 969.290297 5835.625757 5425.953798
CAN 682.022693 6528.872068 0.000000 3359.434136 3079.340072 3184.635213 3351.811033 3246.603958 322.103987 562.414986 14.620623 2666.634755 8480.429456 8477.451998 3696.443745 3541.384942 5486.912791 3527.456199 4202.421837 413.503024 5973.776623 4428.806235 2677.309320 4039.667494 5269.119377 8087.851563 5515.228252 3624.055167 407.613020 4213.013554 542.636529 3583.770550 696.740381 5838.744107 2934.407649 658.436853 574.753676
CAV 4427.304581 1268.670651 3359.434136 0.000000 1841.790888 2425.481296 178.251589 2357.722062 1848.112546 1978.756422 3357.164582 1576.571766 3277.179035 3274.202115 2733.027677 2635.120575 1137.392338 2642.957084 264.307258 2223.682497 1268.476403 440.961067 1651.592691 450.794724 1072.608781 4396.145968 2314.508498 2784.267953 1884.786506 257.495313 1741.296648 160.896511 5101.679583 1077.138865 623.425107 5113.536475 4703.861173
CHO 2468.763741 6784.961651 3079.340072 1841.790888 0.000000 3.256731 2601.600442 567.524111 1848.545017 1689.150045 3077.070610 720.215102 7121.013250 7118.035792 605.026909 770.735498 2946.761936 752.458708 2637.459147 1960.643272 5035.991398 2581.883169 575.664674 3119.958376 2876.742867 6728.433496 6307.333070 733.945047 1864.707985 2647.897406 1759.209667 1848.009584 3204.926114 2896.664340 2186.760972 2435.720045 4567.579391
DAS 2574.058874 6531.687010 3184.635213 2425.481296 3.256731 0.000000 3185.290887 638.718137 1953.826971 1794.438374 3182.365751 547.878869 6867.738609 6864.761151 676.219244 753.325474 2693.678504 735.047790 3221.149592 1517.905900 4782.716757 2326.759797 725.130802 2864.732810 2623.659435 6475.158855 6054.058429 655.099242 1969.995727 3231.587851 1316.514652 2431.700029 3310.214672 2643.285581 1933.706339 2541.015178 4672.867949
DIP 4795.341362 1272.020951 3351.811033 178.251589 2601.600442 3185.290887 0.000000 3019.150764 3371.867368 1950.071300 3349.541479 1592.470102 3216.692997 3213.716076 3394.441278 3156.031590 1225.851222 3163.866924 197.077674 3455.824538 1408.793680 462.082517 1640.899523 469.358759 1120.834675 4335.698462 2253.606149 3445.696631 3559.969162 211.993317 2723.659617 183.250254 5470.220186 1093.485229 658.005574 5482.043931 5072.407514
ECH 2561.698034 6376.707970 3246.603958 2357.722062 567.524111 638.718137 3019.150764 0.000000 2044.467662 2086.785323 3244.334496 566.400937 6712.426283 6709.448824 101.414509 742.431922 4583.139460 750.175072 3054.159533 2279.338252 4627.508900 2382.461957 573.171015 3168.420472 4513.017636 6319.846528 5898.725310 113.221335 2199.399377 3064.178264 2274.434302 2394.125988 2610.007561 2713.938362 1457.179760 3218.212304 4709.608647
EQU 558.889093 4185.122299 322.103987 1848.112546 1848.545017 1953.826971 3371.867368 2044.467662 0.000000 462.047199 325.064928 1425.002764 8207.037035 8204.059577 2494.294087 2024.430590 5165.114152 2010.458198 3409.184141 311.645793 3914.994994 2727.536710 1435.008735 2338.448294 4853.755050 7814.459141 5193.177096 2421.897348 322.077086 3419.575814 446.621944 4083.667405 495.386991 3008.648187 1586.058152 564.926423 471.445370
ERI 775.235369 3070.751482 562.414986 1978.756422 1689.150045 1794.438374 1950.071300 2086.785323 462.047199 0.000000 552.300953 1284.251117 6507.196175 6504.218717 1881.456783 1889.545995 2747.412699 1875.606851 2942.744213 459.473474 4636.899794 2613.033156 1303.646534 2223.913447 2724.337716 6066.733998 7596.324031 1809.313072 449.253653 2953.594381 141.993225 2180.012274 704.767107 1809.885037 1560.636446 761.727982 690.605852
FEL 748.844112 6526.602514 14.620623 3357.164582 3077.070610 3182.365751 3349.541479 3244.334496 325.064928 552.300953 0.000000 2664.366372 8478.159902 8475.182444 3694.174283 3539.115479 5484.643237 3525.186737 4200.152296 428.496306 5971.507069 4426.536681 2675.041157 4037.397940 5266.849823 8085.582009 5512.958699 3621.785704 418.330539 4210.744013 546.326891 3581.500996 592.473627 5836.474553 2932.138216 725.166172 579.334889
GAL 2849.189628 1930.818706 2666.634755 1576.571766 720.215102 547.878869 1592.470102 566.400937 1425.002764 1284.251117 2664.366372 0.000000 5571.712225 5568.747106 621.542364 203.314851 3724.101933 209.681322 2054.467624 1569.013447 3485.542944 1565.227191 100.741080 1548.729000 4494.408291 1998.898034 2749.199760 605.119494 1443.409128 1662.770861 1245.064397 1607.569461 1646.937220 2657.823897 1362.651387 2671.733648 1668.145286
GOR 8827.722287 440.961111 8480.429456 3277.179035 7121.013250 6867.738609 3216.692997 6712.426283 8207.037035 6507.196175 8478.159902 5571.712225 0.000000 62.879955 6968.446834 7031.973172 885.075892 7039.808233 3535.240007 6105.792456 409.814386 4433.031685 6643.208751 4473.663827 832.696398 70.019946 176.454645 7019.249088 5940.036128 3375.743850 7721.779355 3291.352916 9843.376369 696.525080 3813.938589 9855.233219 9445.561259
HOM 8824.744828 495.691414 8477.451998 3274.202115 7118.035792 6864.761151 3213.716076 6709.448824 8204.059577 6504.218717 8475.182444 5568.747106 62.879955 0.000000 6965.469376 7028.995714 834.351234 7036.830775 3532.263086 6102.814998 441.438476 4430.053221 6640.231292 4470.685363 928.735173 20.071065 196.450196 7016.271630 5937.058670 3372.766929 7718.801897 3288.375995 9840.398911 685.799621 3810.962273 9852.255761 9442.583801
LOX 3011.571814 6632.751552 3696.443745 2733.027677 605.026909 676.219244 3394.441278 101.414509 2494.294087 1881.456783 3694.174283 621.542364 6968.446834 6965.469376 0.000000 841.443982 4839.144958 849.199063 3429.454501 2084.481254 4883.523238 2757.751482 632.017102 3543.704961 4769.000959 6575.867080 6154.739649 9.828083 2206.505472 3439.477146 1322.973242 2769.430508 3059.881341 2970.042341 3068.977050 3668.066822 5159.463165
MAC 3219.855918 6696.259858 3541.384942 2635.120575 770.735498 753.325474 3156.031590 742.431922 2024.430590 1889.545995 3539.115479 203.314851 7031.973172 7028.995714 841.443982 0.000000 4758.955159 8.208029 3190.280614 2011.231434 4947.055801 2816.840894 181.068029 3107.141873 4688.828675 6639.393418 6218.272212 806.483229 2140.484804 3200.140740 1833.930971 3319.258735 3172.697862 3042.303674 2283.368557 3043.026050 4535.215853
MIC 5691.070829 519.748258 5486.912791 1137.392338 2946.761936 2693.678504 1225.851222 4583.139460 5165.114152 2747.412699 5484.643237 3724.101933 885.075892 834.351234 4839.144958 4758.955159 0.000000 4766.790220 1215.578324 5278.739066 571.936740 1048.689303 4370.148464 1452.367665 35.993570 932.601468 714.561194 4889.947212 5112.774155 1501.991039 2322.699717 1069.803749 6802.285934 362.139671 813.298192 6814.142763 6404.474117
MON 3205.926653 6704.094919 3527.456199 2642.957084 752.458708 735.047790 3163.866924 750.175072 2010.458198 1875.606851 3525.186737 209.681322 7039.808233 7036.830775 849.199063 8.208029 4766.790220 0.000000 3198.115949 1997.379193 4954.890862 2824.675777 197.352434 3114.976755 4696.663735 6647.228479 6226.107272 814.238310 2126.595867 3207.976075 1820.138905 3327.094070 3158.768597 3050.137325 2291.202434 3029.096785 4521.286588
MUS 4832.020014 1997.164419 4202.421837 264.307258 2637.459147 3221.149592 197.077674 3054.159533 3409.184141 2942.744213 4200.152296 2054.467624 3535.240007 3532.263086 3429.454501 3190.280614 1215.578324 3198.115949 0.000000 2643.910879 1979.572808 609.255659 2080.537888 561.108099 1278.124549 4654.263341 2572.573990 3480.705400 2746.324251 6.693772 2653.877087 281.771652 5506.871997 1164.977217 729.046491 5518.695756 5109.065425
MYO 621.726491 4303.398166 413.503024 2223.682497 1960.643272 1517.905900 3455.824538 2279.338252 311.645793 459.473474 428.496306 1569.013447 6105.792456 6102.814998 2084.481254 2011.231434 5278.739066 1997.379193 2643.910879 0.000000 6217.974228 2887.096527 1760.874179 2498.009217 5065.698155 5665.330279 6956.381527 2012.154218 66.341751 2654.298830 473.003438 2885.859623 606.636776 2162.774174 1578.760892 610.135386 554.978448
NEW 4827.020369 180.314382 5973.776623 1268.476403 5035.991398 4782.716757 1408.793680 4627.508900 3914.994994 4636.899794 5971.507069 3485.542944 409.814386 441.438476 4883.523238 4947.055801 571.936740 4954.890862 1979.572808 6217.974228 0.000000 1511.432755 4558.292496 1552.042867 562.820228 462.876813 319.572969 4934.325492 6051.924955 1820.140304 5215.712429 1268.774740 5554.455601 414.046060 1017.023435 5566.312451 5156.643769
OCH 5149.872734 1554.051963 4428.806235 440.961067 2581.883169 2326.759797 462.082517 2382.461957 2727.536710 2613.033156 4426.536681 1565.227191 4433.031685 4430.053221 2757.751482 2816.840894 1048.689303 2824.675777 609.255659 2887.096527 1511.432755 0.000000 1980.889211 11.288473 1077.495521 3751.394912 1548.853249 2809.008649 2986.628648 550.197165 2586.405552 442.732259 5826.138702 1428.038668 607.342376 5837.995529 5428.328724
ORN 2981.322376 6307.525088 2677.309320 1651.592691 575.664674 725.130802 1640.899523 573.171015 1435.008735 1303.646534 2675.041157 100.741080 6643.208751 6640.231292 632.017102 181.068029 4370.148464 197.352434 2080.537888 1760.874179 4558.292496 1980.889211 0.000000 2272.435967 4299.993382 6250.628996 5829.508893 747.361369 1739.053317 2695.989839 1283.103762 2812.741830 2934.114140 1820.729990 1391.543608 2804.284861 4296.415626
ORY 4760.773603 1243.386238 4039.667494 450.794724 3119.958376 2864.732810 469.358759 3168.420472 2338.448294 2223.913447 4037.397940 1548.729000 4473.663827 4470.685363 3543.704961 3107.141873 1452.367665 3114.976755 561.108099 2498.009217 1552.042867 11.288473 2272.435967 0.000000 1135.308588 3792.027054 1589.472961 3594.967356 2597.534121 601.070731 2197.295360 452.553176 5437.039606 1016.402770 599.803048 5448.896444 5039.229675
OTO 7669.892793 510.599165 5269.119377 1072.608781 2876.742867 2623.659435 1120.834675 4513.017636 4853.755050 2724.337716 5266.849823 4494.408291 832.696398 928.735173 4769.000959 4688.828675 35.993570 4696.663735 1278.124549 5065.698155 562.820228 1077.495521 4299.993382 1135.308588 0.000000 880.195538 680.539799 4819.803213 4899.249033 1564.661275 2299.067107 1127.456834 6103.989297 346.907772 811.294043 6115.846126 5706.177480
PAN 8435.144393 486.976855 8087.851563 4396.145968 6728.433496 6475.158855 4335.698462 6319.846528 7814.459141 6066.733998 8085.582009 1998.898034 70.019946 20.071065 6575.867080 6639.393418 932.601468 6647.228479 4654.263341 5665.330279 462.876813 3751.394912 6250.628996 3792.027054 880.195538 0.000000 203.720324 6626.669334 5499.573951 4494.766558 7329.201461 4410.405532 9450.798475 637.940654 3373.267727 9462.655325 9052.983366
PON 5815.624958 398.006099 5515.228252 2314.508498 6307.333070 6054.058429 2253.606149 5898.725310 5193.177096 7596.324031 5512.958699 2749.199760 176.454645 196.450196 6154.739649 6218.272212 714.561194 6226.107272 2572.573990 6956.381527 319.572969 1548.853249 5829.508893 1589.472961 680.539799 203.720324 0.000000 6205.541903 6790.517828 2413.071984 4757.052259 2329.139088 6830.783778 606.309349 1101.189916 6842.640628 6432.971946
PRO 2939.220997 6683.553805 3624.055167 2784.267953 733.945047 655.099242 3445.696631 113.221335 2421.897348 1809.313072 3621.785704 605.119494 7019.249088 7016.271630 9.828083 806.483229 4889.947212 814.238310 3480.705400 2012.154218 4934.325492 2809.008649 747.361369 3594.967356 4819.803213 6626.669334 6205.541903 0.000000 2134.066576 3490.724131 1797.668153 2820.672180 2987.530523 3020.827293 2285.934638 3595.690657 5087.087000
PTE 636.114932 4137.668204 407.613020 1884.786506 1864.707985 1969.995727 3559.969162 2199.399377 322.077086 449.253653 418.330539 1443.409128 5940.036128 5937.058670 2206.505472 2140.484804 5112.774155 2126.595867 2746.324251 66.341751 6051.924955 2986.628648 1739.053317 2597.534121 4899.249033 5499.573951 6790.517828 2134.066576 0.000000 2756.712175 466.203083 2988.624033 584.818562 2531.842205 2102.579850 608.098635 544.277595
RAT 4842.611752 1837.479064 4213.013554 257.495313 2647.897406 3231.587851 211.993317 3064.178264 3419.575814 2953.594381 4210.744013 1662.770861 3375.743850 3372.766929 3439.477146 3200.140740 1501.991039 3207.976075 6.693772 2654.298830 1820.140304 550.197165 2695.989839 601.070731 1564.661275 4494.766558 2413.071984 3490.724131 2756.712175 0.000000 2664.411379 270.089535 5517.463740 1455.490766 717.702418 5529.287502 5119.657176
SOR 742.937130 5770.216562 542.636529 1741.296648 1759.209667 1316.514652 2723.659617 2274.434302 446.621944 141.993225 546.326891 1245.064397 7721.779355 7718.801897 1322.973242 1833.930971 2322.699717 1820.138905 2653.877087 473.003438 5215.712429 2586.405552 1283.103762 2197.295360 2299.067107 7329.201461 4757.052259 1797.668153 466.203083 2664.411379 0.000000 1748.935572 711.131793 2141.719672 1531.506024 860.064650 710.107708
SPE 4270.498894 1241.858353 3583.770550 160.896511 1848.009584 2431.700029 183.250254 2394.125988 4083.667405 2180.012274 3581.500996 1607.569461 3291.352916 3288.375995 2769.430508 3319.258735 1069.803749 3327.094070 281.771652 2885.859623 1268.774740 442.732259 2812.741830 452.553176 1127.456834 4410.405532 2329.139088 2820.672180 2988.624033 270.089535 1748.935572 0.000000 4944.777931 1070.448735 615.760168 4956.601648 4546.968642
SUS 105.796086 5823.768907 696.740381 5101.679583 3204.926114 3310.214672 5470.220186 2610.007561 495.386991 704.767107 592.473627 1646.937220 9843.376369 9840.398911 3059.881341 3172.697862 6802.285934 3158.768597 5506.871997 606.636776 5554.455601 5826.138702 2934.114140 5437.039606 6103.989297 9450.798475 6830.783778 2987.530523 584.818562 5517.463740 711.131793 4944.777931 0.000000 6719.307277 4830.642038 96.512106 99.596601
TAR 8285.238684 359.977161 5838.744107 1077.138865 2896.664340 2643.285581 1093.485229 2713.938362 3008.648187 1809.885037 5836.474553 2657.823897 696.525080 685.799621 2970.042341 3042.303674 362.139671 3050.137325 1164.977217 2162.774174 414.046060 1428.038668 1820.729990 1016.402770 346.907772 637.940654 606.309349 3020.827293 2531.842205 1455.490766 2141.719672 1070.448735 6719.307277 0.000000 792.565690 6731.178276 6321.482243
TUP 4153.544187 969.290297 2934.407649 623.425107 2186.760972 1933.706339 658.005574 1457.179760 1586.058152 1560.636446 2932.138216 1362.651387 3813.938589 3810.962273 3068.977050 2283.368557 813.298192 2291.202434 729.046491 1578.760892 1017.023435 607.342376 1391.543608 599.803048 811.294043 3373.267727 1101.189916 2285.934638 2102.579850 717.702418 1531.506024 615.760168 4830.642038 792.565690 0.000000 4842.607882 4432.836420
TUR 19.407022 5835.625757 658.436853 5113.536475 2435.720045 2541.015178 5482.043931 3218.212304 564.926423 761.727982 725.166172 2671.733648 9855.233219 9852.255761 3668.066822 3043.026050 6814.142763 3029.096785 5518.695756 610.135386 5566.312451 5837.995529 2804.284861 5448.896444 6115.846126 9462.655325 6842.640628 3595.690657 608.098635 5529.287502 860.064650 4956.601648 96.512106 6731.178276 4842.607882 0.000000 146.412776
VIC 137.933944 5425.953798 574.753676 4703.861173 4567.579391 4672.867949 5072.407514 4709.608647 471.445370 690.605852 579.334889 1668.145286 9445.561259 9442.583801 5159.463165 4535.215853 6404.474117 4521.286588 5109.065425 554.978448 5156.643769 5428.328724 4296.415626 5039.229675 5706.177480 9052.983366 6432.971946 5087.087000 544.277595 5119.657176 710.107708 4546.968642 99.596601 6321.482243 4432.836420 146.412776 0.000000
