11
0 0.000000 43.301066 35.982480 42.708146 44.813272 33.421040 40.624682 43.441733 43.815683 35.428519 46.027023
1 43.301066 0.000000 44.231716 46.281815 23.051557 45.362162 47.056807 28.050235 48.363500 42.699409 49.117136
10 35.982480 44.231716 0.000000 38.056108 47.866855 24.785249 46.063534 48.865833 45.882324 38.965800 42.869326
2 42.708146 46.281815 38.056108 0.000000 41.338179 40.722502 37.694488 41.998262 40.422010 39.171255 39.850337
3 44.813272 23.051557 47.866855 41.338179 0.000000 44.895920 48.055603 26.509599 50.986156 42.838407 49.267382
4 33.421040 45.362162 24.785249 40.722502 44.895920 0.000000 48.259082 44.144808 46.559574 40.219217 45.818517
5 40.624682 47.056807 46.063534 37.694488 48.055603 48.259082 0.000000 49.228386 28.281345 42.606516 28.238924
6 43.441733 28.050235 48.865833 41.998262 26.509599 44.144808 49.228386 0.000000 48.343998 36.577093 49.828721
7 43.815683 48.363500 45.882324 40.422010 50.986156 46.559574 28.281345 48.343998 0.000000 43.721813 22.437387
8 35.428519 42.699409 38.965800 39.171255 42.838407 40.219217 42.606516 36.577093 43.721813 0.000000 45.329879
9 46.027023 49.117136 42.869326 39.850337 49.267382 45.818517 28.238924 49.828721 22.437387 45.329879 0.000000
