11
0 0.000000 39.971010 40.940357 39.382545 41.036865 35.807541 42.251803 42.062333 43.715839 42.521444 36.408796
1 39.971010 0.000000 42.964640 46.758835 48.615793 35.959940 44.146367 44.539603 40.157557 41.918964 24.327970
10 40.940357 42.964640 0.000000 38.505141 37.528676 37.567138 33.623304 43.800967 39.155090 45.512574 44.990926
2 39.382545 46.758835 38.505141 0.000000 24.826257 42.069587 32.594082 46.652266 46.666002 48.907180 43.491683
3 41.036865 48.615793 37.528676 24.826257 0.000000 41.076383 34.799184 47.932162 45.640499 42.326062 45.398132
4 35.807541 35.959940 37.567138 42.069587 41.076383 0.000000 44.165058 40.500061 43.447799 43.165934 39.979263
5 42.251803 44.146367 33.623304 32.594082 34.799184 44.165058 0.000000 44.094468 42.323175 43.756474 44.461937
6 42.062333 44.539603 43.800967 46.652266 47.932162 40.500061 44.094468 0.000000 30.465074 24.962147 44.831650
7 43.715839 40.157557 39.155090 46.666002 45.640499 43.447799 42.323175 30.465074 0.000000 33.112628 41.723214
8 42.521444 41.918964 45.512574 48.907180 42.326062 43.165934 43.756474 24.962147 33.112628 0.000000 43.050456
9 36.408796 24.327970 44.990926 43.491683 45.398132 39.979263 44.461937 44.831650 41.723214 43.050456 0.000000
