11
0 0.000000 37.989537 39.452935 35.383553 41.792978 36.187394 39.975558 47.149152 43.121516 40.874460 44.447536
1 37.989537 0.000000 39.937462 37.880058 41.363106 33.052324 40.810551 42.135198 43.083765 45.942405 44.638031
10 39.452935 39.937462 0.000000 46.644333 29.644555 39.259907 43.291220 24.501295 52.268935 49.477442 51.438628
2 35.383553 37.880058 46.644333 0.000000 41.685218 33.624747 40.334254 43.640170 43.526647 41.182354 43.035338
3 41.792978 41.363106 29.644555 41.685218 0.000000 45.200238 47.238387 24.845472 49.556037 48.753622 44.259828
4 36.187394 33.052324 39.259907 33.624747 45.200238 0.000000 45.269581 40.401435 48.894323 43.198170 44.060423
5 39.975558 40.810551 43.291220 40.334254 47.238387 45.269581 0.000000 46.179972 33.664519 35.226585 36.202908
6 47.149152 42.135198 24.501295 43.640170 24.845472 40.401435 46.179972 0.000000 51.794722 49.059349 49.680333
7 43.121516 43.083765 52.268935 43.526647 49.556037 48.894323 33.664519 51.794722 0.000000 27.534019 24.695257
8 40.874460 45.942405 49.477442 41.182354 48.753622 43.198170 35.226585 49.059349 27.534019 0.000000 31.654204
9 44.447536 44.638031 51.438628 43.035338 44.259828 44.060423 36.202908 49.680333 24.695257 31.654204 0.000000
