37
BOS 0.000000 6804.978253 621.117375 5313.469260 3518.728178 3419.649847 5059.976599 2696.275841 525.018760 712.866626 662.422635 1949.819282 8748.352473 8895.014640 3221.999866 2491.623041 5658.344023 2474.998452 6282.945721 603.111302 5829.397918 5586.892118 2261.055983 5599.413721 5782.427528 8703.261754 8444.345834 3140.376380 614.954377 6728.535480 710.058390 4994.434380 95.028238 4574.493669 3417.688589 21.615608 150.943980
CAL 6804.978253 0.000000 5983.772841 1269.253392 4557.083994 4458.006795 1716.209647 3155.414686 4339.602626 3901.903986 5752.342317 1770.631128 483.010673 573.040226 4015.374017 3546.562920 504.942562 3550.968929 2722.276188 4416.991663 195.304799 1204.676482 3093.583602 1461.071527 523.958548 518.910748 421.286967 3957.130040 4831.029586 1735.817015 4123.717068 1240.134848 6378.061782 378.551762 972.918848 6308.948811 6772.610290
CAN 621.117375 5983.772841 0.000000 2258.061854 2866.697574 2767.620099 4669.276881 2835.353275 339.029673 527.735774 16.025405 1685.644627 7927.146024 8073.809312 2475.902516 2227.585277 2665.367469 2210.957785 3052.120129 419.596150 4906.643638 3135.950135 1615.276781 3148.293843 2214.505579 7882.055306 7623.135596 2442.079512 404.675568 3497.689704 514.921347 3810.695478 576.162767 4948.703272 2530.602413 690.475477 558.546490
CAV 5313.469260 1269.253392 2258.061854 0.000000 2937.201800 2838.123966 167.125792 2270.105417 1928.860249 1957.407627 3755.825493 1549.377156 3615.460927 4545.399113 2777.884321 2450.167626 1065.507302 2454.549380 270.612106 2411.932536 1278.755996 489.259428 1788.257365 478.907033 1059.926200 3570.370787 2059.338872 2719.652172 2271.512315 255.799050 1906.170132 161.923939 4885.490682 1104.799977 662.482753 4768.767080 3556.575967
CHO 3518.728178 4557.083994 2866.697574 2937.201800 0.000000 1.916974 2987.412275 647.190756 2778.520833 1405.642767 3216.550394 578.187440 7156.915683 5345.108806 693.413045 728.666083 3233.881253 755.824542 3990.353447 2780.169558 4453.367089 2938.486675 556.560771 2936.618589 3079.761762 7111.824964 4894.322112 704.552084 2795.774355 4435.936757 1418.348578 2974.270460 3544.292499 3161.642905 2716.673439 4345.321223 2923.609965
DAS 3419.649847 4458.006795 2767.620099 2838.123966 1.916974 0.000000 2888.334220 679.296201 2679.443315 2670.764775 3117.472734 568.446607 7057.838520 5246.031643 725.526977 666.988877 3134.803843 694.143828 3891.275613 2681.091956 4354.289926 2839.408786 641.086704 2837.540551 2980.684353 7012.747801 4795.244949 736.663074 2696.696391 4336.858923 2684.091870 2875.192576 3445.214112 3062.565747 2617.595317 4246.242892 2824.531777
DIP 5059.976599 1716.209647 4669.276881 167.125792 2987.412275 2888.334220 0.000000 2318.353921 3094.193212 2653.829249 4437.320942 1621.420689 3648.209971 4578.136600 2826.430187 2393.137362 1118.000089 2397.535641 197.521369 3100.520761 1288.395059 476.526492 1981.157613 488.368301 1204.182194 3603.119831 2092.588165 2768.197759 2959.467480 204.561098 2214.348391 174.435008 4632.147062 1137.719134 677.063655 4515.343080 3303.338489
ECH 2696.275841 3155.414686 2835.353275 2270.105417 647.190756 679.296201 2318.353921 0.000000 2038.430684 1416.921260 2579.801967 576.179750 6535.962580 4724.044020 114.236054 694.914173 2551.075491 750.280696 3243.314641 1767.805163 2465.352755 1966.166385 566.938738 1765.380331 2582.221478 6490.871861 4273.257303 99.952616 2031.532304 3688.898093 2368.881563 2307.242965 2229.551679 2424.636390 3042.831763 3522.957041 3055.136266
EQU 525.018760 4339.602626 339.029673 1928.860249 2778.520833 2679.443315 3094.193212 2038.430684 0.000000 440.040881 314.758115 1383.696178 6235.100821 6381.764109 2466.948552 2010.518325 4813.034715 1993.894048 3302.928396 334.674881 5177.074442 3261.555083 1460.985051 3274.039564 2632.912717 6190.010103 5931.090311 2385.336321 310.691395 3748.498118 443.401141 3081.921464 493.161380 5538.133747 1585.027146 577.599969 445.168925
ERI 712.866626 3901.903986 527.735774 1957.407627 1405.642767 2670.764775 2653.829249 1416.921260 440.040881 0.000000 530.244366 1273.859817 5700.591324 5847.262907 2084.912386 1948.886634 5666.031341 1932.337151 3275.716249 446.683476 4254.909044 2175.433317 1358.952309 2187.750064 5788.792132 5655.500606 5396.608126 2051.703948 433.776911 3721.305977 145.768158 1766.191516 693.359267 3024.543037 1457.964446 740.839166 636.113545
FEL 662.422635 5752.342317 16.025405 3755.825493 3216.550394 3117.472734 4437.320942 2579.801967 314.758115 530.244366 0.000000 1425.259928 7695.715486 7842.378774 2220.424267 2280.962624 4751.817164 2264.336308 3875.773765 426.687415 4675.174919 2904.014342 1820.522102 2916.358047 2954.843492 7650.624768 7391.705058 2186.673546 413.896487 4321.343341 529.292537 3578.744275 555.877858 4717.234628 2298.832655 616.310708 550.882818
GAL 1949.819282 1770.631128 1685.644627 1549.377156 578.187440 568.446607 1621.420689 576.179750 1383.696178 1273.859817 1425.259928 0.000000 4773.727767 3016.376066 641.948646 201.833432 1645.704278 214.452362 2605.319846 1354.953281 1893.300790 1551.460317 104.253417 1757.151143 1650.538727 4776.521873 3649.075515 641.162690 1362.075074 3050.851251 1233.298193 1577.537051 1982.080126 1854.118226 1315.217233 1559.159689 1516.498596
GOR 8748.352473 483.010673 7927.146024 3615.460927 7156.915683 7057.838520 3648.209971 6535.962580 6235.100821 5700.591324 7695.715486 4773.727767 0.000000 66.873804 7395.914293 6928.034136 2313.298803 6932.440144 5000.786688 6360.362044 450.162698 3347.178143 6474.957596 3290.939984 846.503347 64.183418 173.448610 7337.670316 5671.177999 4014.354143 5970.744213 3626.170381 8321.435963 2226.436987 4130.852163 8252.323031 8715.982252
HOM 8895.014640 573.040226 8073.809312 4545.399113 5345.108806 5246.031643 4578.136600 4724.044020 6381.764109 5847.262907 7842.378774 3016.376066 66.873804 0.000000 5583.959547 5116.173352 3725.518372 5120.579361 5930.699310 6507.030039 521.230662 4323.556111 4663.129898 4267.318049 3738.052386 18.238362 203.670440 5525.715570 5817.845994 4944.266462 6117.409241 4556.085095 8468.098129 726.145144 1405.598075 8398.985198 8862.647281
LOX 3221.999866 4015.374017 2475.902516 2777.884321 693.413045 725.526977 2826.430187 114.236054 2466.948552 2084.912386 2220.424267 641.948646 7395.914293 5583.959547 0.000000 865.489315 2951.095891 770.518209 3751.006309 1956.758520 3325.269438 3068.726947 625.023428 2867.956168 2719.007989 7350.823575 5133.172830 7.704807 2460.211080 4196.589761 2013.210598 2814.809547 2755.167100 2822.701484 2312.586345 4048.681066 2585.288839
MAC 2491.623041 3546.562920 2227.585277 2450.167626 728.666083 666.988877 2393.137362 694.914173 2010.518325 1948.886634 2280.962624 201.833432 6928.034136 5116.173352 865.489315 0.000000 2543.214723 9.760709 3469.414380 2032.092986 4225.445263 1736.523575 193.603099 1931.900433 2741.979844 6882.943417 4665.216736 766.684084 2035.041507 3914.997832 1877.273361 2359.788211 2668.978858 2885.128035 1454.781813 3318.227758 2845.403739
MIC 5658.344023 504.942562 2665.367469 1065.507302 3233.881253 3134.803843 1118.000089 2551.075491 4813.034715 5666.031341 4751.817164 1645.704278 2313.298803 3725.518372 2951.095891 2543.214723 0.000000 2547.605479 2606.311478 4888.605741 564.745491 1111.006600 2580.871531 1165.346526 28.930704 835.127321 4710.002403 2892.848021 4112.643116 1619.924507 5118.986526 1078.937026 5231.508456 348.884165 830.995537 5162.390734 5624.990470
MON 2474.998452 3550.968929 2210.957785 2454.549380 755.824542 694.143828 2397.535641 750.280696 1993.894048 1932.337151 2264.336308 214.452362 6932.440144 5120.579361 770.518209 9.760709 2547.605479 0.000000 3473.830030 2015.507914 4229.856291 1693.110371 194.985733 1888.485842 2746.373646 6887.349426 4669.622745 822.637171 2018.456783 3919.413482 1860.723879 2364.189209 2652.264187 2889.542399 1570.294316 3301.603169 2828.732785
MUS 6282.945721 2722.276188 3052.120129 270.612106 3990.353447 3891.275613 197.521369 3243.314641 3302.928396 3275.716249 3875.773765 2605.319846 5000.786688 5930.699310 3751.006309 3469.414380 2606.311478 3473.830030 0.000000 3165.093048 2725.518102 588.780989 2803.868516 659.986828 2537.659469 4955.696548 3445.156452 3692.756964 3028.911711 4.761272 3290.838694 281.128053 5855.099410 2570.722711 801.916228 5738.094472 4526.274503
MYO 603.111302 4416.991663 419.596150 2411.932536 2780.169558 2681.091956 3100.520761 1767.805163 334.674881 446.683476 426.687415 1354.953281 6360.362044 6507.030039 1956.758520 2032.092986 4888.605741 2015.507914 3165.093048 0.000000 5302.975521 2404.076748 1535.717335 2416.380862 5013.176820 6315.271326 6056.361234 3291.339414 56.568975 3610.682665 454.619878 4167.919004 575.823328 5098.876135 1740.839751 632.410523 531.731234
NEW 5829.397918 195.304799 4906.643638 1278.755996 4453.367089 4354.289926 1288.395059 2465.352755 5177.074442 4254.909044 4675.174919 1893.300790 450.162698 521.230662 3325.269438 4225.445263 564.745491 4229.856291 2725.518102 5302.975521 0.000000 1473.955822 3772.271632 1417.076493 593.640927 450.799241 344.121371 3267.025461 5717.017213 1739.091304 4573.998252 1316.854938 5402.557870 401.204455 971.007508 5333.391385 5796.200597
OCH 5586.892118 1204.676482 3135.950135 489.259428 2938.486675 2839.408786 476.526492 1966.166385 3261.555083 2175.433317 2904.014342 1551.460317 3347.178143 4323.556111 3068.726947 1736.523575 1111.006600 1693.110371 588.780989 2404.076748 1473.955822 0.000000 1716.215596 8.715282 1147.312565 3349.972363 2432.745381 3010.438237 3387.555551 632.126191 2205.101887 461.527826 5158.830915 1116.469646 643.273673 5042.245009 3829.952624
ORN 2261.055983 3093.583602 1615.276781 1788.257365 556.560771 641.086704 1981.157613 566.938738 1460.985051 1358.952309 1820.522102 104.253417 6474.957596 4663.129898 625.023428 193.603099 2580.871531 194.985733 2803.868516 1535.717335 3772.271632 1716.215596 0.000000 1711.224647 2779.253815 6429.866878 4212.172476 726.900607 1538.345774 3249.451984 1452.473217 1636.369774 1646.673321 1750.797329 1362.660348 3089.607966 1614.372097
ORY 5599.413721 1461.071527 3148.293843 478.907033 2936.618589 2837.540551 488.368301 1765.380331 3274.039564 2187.750064 2916.358047 1757.151143 3290.939984 4267.318049 2867.956168 1931.900433 1165.346526 1888.485842 659.986828 2416.380862 1417.076493 8.715282 1711.224647 0.000000 1045.441265 3293.734204 2376.349247 2809.680843 3400.007601 586.070960 2217.647286 448.016023 5171.352492 1170.117088 624.261042 5054.766612 3842.438639
OTO 5782.427528 523.958548 2214.505579 1059.926200 3079.761762 2980.684353 1204.182194 2582.221478 2632.912717 5788.792132 2954.843492 1650.538727 846.503347 3738.052386 2719.007989 2741.979844 28.930704 2746.373646 2537.659469 5013.176820 593.640927 1147.312565 2779.253815 1045.441265 0.000000 2328.569436 2135.933541 2660.760118 4237.448065 1551.323733 5242.643293 1062.713189 5355.591941 359.965343 827.385951 5286.474239 5749.379023
PAN 8703.261754 518.910748 7882.055306 3570.370787 7111.824964 7012.747801 3603.119831 6490.871861 6190.010103 5655.500606 7650.624768 4776.521873 64.183418 18.238362 7350.823575 6882.943417 835.127321 6887.349426 4955.696548 6315.271326 450.799241 3349.972363 6429.866878 3293.734204 2328.569436 0.000000 218.038891 7292.579598 5626.087280 3969.264003 5925.653495 3581.080240 8276.345244 2233.838223 4085.762023 8207.232312 8670.891534
PON 8444.345834 421.286967 7623.135596 2059.338872 4894.322112 4795.244949 2092.588165 4273.257303 5931.090311 5396.608126 7391.705058 3649.075515 173.448610 203.670440 5133.172830 4665.216736 4710.002403 4669.622745 3445.156452 6056.361234 344.121371 2432.745381 4212.172476 2376.349247 2135.933541 218.038891 0.000000 5074.928853 5367.218010 2458.723299 5666.740436 2070.273609 8017.429324 673.582613 1119.637408 7948.316392 8411.978475
PRO 3140.376380 3957.130040 2442.079512 2719.652172 704.552084 736.663074 2768.197759 99.952616 2385.336321 2051.703948 2186.673546 641.162690 7337.670316 5525.715570 7.704807 766.684084 2892.848021 822.637171 3692.756964 3291.339414 3267.025461 3010.438237 726.900607 2809.680843 2660.760118 7292.579598 5074.928853 0.000000 2377.145819 4138.340416 1979.732405 2756.557159 2673.573763 2764.429525 2254.344759 3967.057580 2551.586445
PTE 614.954377 4831.029586 404.675568 2271.512315 2795.774355 2696.696391 2959.467480 2031.532304 310.691395 433.776911 413.896487 1362.075074 5671.177999 5817.845994 2460.211080 2035.041507 4112.643116 2018.456783 3028.911711 56.568975 5717.017213 3387.555551 1538.345774 3400.007601 4237.448065 5626.087280 5367.218010 2377.145819 0.000000 3474.501470 450.972642 4026.059848 572.714396 4320.377353 1652.552251 631.764922 540.304711
RAT 6728.535480 1735.817015 3497.689704 255.799050 4435.936757 4336.858923 204.561098 3688.898093 3748.498118 3721.305977 4321.343341 3050.851251 4014.354143 4944.266462 4196.589761 3914.997832 1619.924507 3919.413482 4.761272 3610.682665 1739.091304 632.126191 3249.451984 586.070960 1551.323733 3969.264003 2458.723299 4138.340416 3474.501470 0.000000 3736.428452 277.320148 6300.689168 1584.217857 802.724233 6183.684231 4971.864261
SOR 710.058390 4123.717068 514.921347 1906.170132 1418.348578 2684.091870 2214.348391 2368.881563 443.401141 145.768158 529.292537 1233.298193 5970.744213 6117.409241 2013.210598 1877.273361 5118.986526 1860.723879 3290.838694 454.619878 4573.998252 2205.101887 1452.473217 2217.647286 5242.643293 5925.653495 5666.740436 1979.732405 450.972642 3736.428452 0.000000 1871.818734 671.234268 4319.533489 1491.010492 740.012391 648.501639
SPE 4994.434380 1240.134848 3810.695478 161.923939 2974.270460 2875.192576 174.435008 2307.242965 3081.921464 1766.191516 3578.744275 1577.537051 3626.170381 4556.085095 2814.809547 2359.788211 1078.937026 2364.189209 281.128053 4167.919004 1316.854938 461.527826 1636.369774 448.016023 1062.713189 3581.080240 2070.273609 2756.557159 4026.059848 277.320148 1871.818734 0.000000 4566.595587 1088.641253 658.227117 4449.875206 3237.731247
SUS 95.028238 6378.061782 576.162767 4885.490682 3544.292499 3445.214112 4632.147062 2229.551679 493.161380 693.359267 555.877858 1982.080126 8321.435963 8468.098129 2755.167100 2668.978858 5231.508456 2652.264187 5855.099410 575.823328 5402.557870 5158.830915 1646.673321 5171.352492 5355.591941 8276.345244 8017.429324 2673.573763 572.714396 6300.689168 671.234268 4566.595587 0.000000 4147.755630 3376.644581 94.295066 116.895673
TAR 4574.493669 378.551762 4948.703272 1104.799977 3161.642905 3062.565747 1137.719134 2424.636390 5538.133747 3024.543037 4717.234628 1854.118226 2226.436987 726.145144 2822.701484 2885.128035 348.884165 2889.542399 2570.722711 5098.876135 401.204455 1116.469646 1750.797329 1170.117088 359.965343 2233.838223 673.582613 2764.429525 4320.377353 1584.217857 4319.533489 1088.641253 4147.755630 0.000000 829.316619 4078.549083 4541.133755
TUP 3417.688589 972.918848 2530.602413 662.482753 2716.673439 2617.595317 677.063655 3042.831763 1585.027146 1457.964446 2298.832655 1315.217233 4130.852163 1405.598075 2312.586345 1454.781813 830.995537 1570.294316 801.916228 1740.839751 971.007508 643.273673 1362.660348 624.261042 827.385951 4085.762023 1119.637408 2254.344759 1652.552251 802.724233 1491.010492 658.227117 3376.644581 829.316619 0.000000 4193.704877 2480.098365
TUR 21.615608 6308.948811 690.475477 4768.767080 4345.321223 4246.242892 4515.343080 3522.957041 577.599969 740.839166 616.310708 1559.159689 8252.323031 8398.985198 4048.681066 3318.227758 5162.390734 3301.603169 5738.094472 632.410523 5333.391385 5042.245009 3089.607966 5054.766612 5286.474239 8207.232312 7948.316392 3967.057580 631.764922 6183.684231 740.012391 4449.875206 94.295066 4078.549083 4193.704877 0.000000 141.256354
VIC 150.943980 6772.610290 558.546490 3556.575967 2923.609965 2824.531777 3303.338489 3055.136266 445.168925 636.113545 550.882818 1516.498596 8715.982252 8862.647281 2585.288839 2845.403739 5624.990470 2828.732785 4526.274503 531.731234 5796.200597 3829.952624 1614.372097 3842.438639 5749.379023 8670.891534 8411.978475 2551.586445 540.304711 4971.864261 648.501639 3237.731247 116.895673 4541.133755 2480.098365 141.256354 0.000000
