37
BOS 0.000000 6574.093266 672.144426 5466.083907 2817.910442 2829.125407 5297.695429 2992.657915 637.935943 849.647286 737.890771 2413.645131 9461.424336 9168.244228 3218.934898 4014.392627 6616.265521 3133.295079 5459.084190 637.814598 6534.441395 5394.058187 2412.019001 4887.869230 6677.601875 8821.484019 7445.733119 4047.437265 690.417229 4797.648350 773.291842 5690.587529 92.944327 7592.082384 3053.723132 20.577466 138.516314
CAL 6574.093266 0.000000 4438.523089 1196.558405 4025.415523 4014.308896 1474.969636 2610.207361 4192.978982 4606.873448 5668.348190 3716.286486 536.437521 532.500369 3545.477533 3780.525384 521.783342 4264.302725 1980.457950 4757.943924 207.271452 1406.898606 3494.619494 1405.998346 524.794432 504.169098 385.603239 3011.816397 4579.963505 1895.192648 4885.152039 1195.305943 5640.051969 365.713746 942.571865 5744.127580 4579.377455
CAN 672.144426 4438.523089 0.000000 3023.390691 3089.342997 3100.546932 3604.625696 2685.337256 303.656315 521.753848 15.990057 1465.504046 7375.334803 7082.154695 3555.335001 4043.569942 3371.102346 3162.434266 3910.045909 410.202032 4398.414925 2962.392328 2649.882880 2499.008054 3432.443550 6735.394486 5359.637902 4383.849896 387.371599 4103.735053 532.393216 3043.407676 687.998461 4023.224545 2164.537021 698.186925 570.103013
CAV 5466.083907 1196.558405 3023.390691 0.000000 2543.966349 2532.810073 161.946106 2959.806892 2443.047884 1730.695009 3019.066029 2399.497628 2582.256491 3576.259294 4080.497453 2718.932337 1075.403184 3202.717207 265.192681 2801.228676 1324.234846 490.772464 2220.646513 478.936409 1191.606308 5764.511179 1631.804689 3546.786387 2804.451323 240.874193 3522.716420 162.569732 4531.962053 1015.546444 643.883798 4636.110010 5003.135177
CHO 2817.910442 4025.415523 3089.342997 2543.966349 0.000000 3.933607 3731.816514 618.178593 1937.028531 1830.979080 2301.374461 549.326890 5661.288509 5368.108402 684.987536 672.282345 3369.897092 690.884852 2571.827390 2177.376288 3342.446857 2406.682952 554.584891 2874.723673 3431.487969 5021.348193 5502.897256 630.844115 1983.290297 3124.281542 1754.389009 2905.112314 3641.709296 2915.982081 2208.329740 3648.770086 2884.277974
DAS 2829.125407 4014.308896 3100.546932 2532.810073 3.933607 0.000000 3720.659909 537.715254 1948.229996 1842.200512 2312.578396 545.159808 5650.188971 5357.008864 773.359727 665.264635 3358.782061 683.866711 2560.679267 2188.600344 3331.318429 2395.542674 542.650957 2863.573641 3420.372938 5010.248655 5491.797718 718.974196 1994.514912 3113.133418 1765.580364 2893.972158 3652.924261 2904.832330 2197.220153 3659.985051 2895.500849
DIP 5297.695429 1474.969636 3604.625696 161.946106 3731.816514 3720.659909 0.000000 2682.398621 3336.851598 1950.268271 3600.045047 1674.410556 2514.092024 3507.855023 3802.774813 2790.503813 1171.573615 3274.288683 188.453347 2244.179567 1266.709559 486.842789 2292.544257 499.566015 1185.152795 4690.247014 2506.569518 3269.069338 2246.695766 206.587097 1858.995424 172.126538 4363.591661 1052.594458 667.046535 4467.721533 4834.563939
ECH 2992.657915 2610.207361 2685.337256 2959.806892 618.178593 537.715254 2682.398621 0.000000 1918.200260 1373.909980 1897.391942 568.191642 5887.860056 5594.679949 102.879095 767.650342 2667.338011 779.199968 2759.157756 2097.209269 2681.954130 2319.075167 572.381537 2333.030123 2728.944849 5247.919740 5729.500625 108.078226 1899.542651 2661.193647 1326.421052 2286.099872 3816.757660 3236.942320 1460.281844 3823.455566 2470.671507
EQU 637.935943 4192.978982 303.656315 2443.047884 1937.028531 1948.229996 3336.851598 1918.200260 0.000000 435.612635 302.113812 1440.402140 7128.887359 6835.707252 2191.150844 2898.854460 5605.907572 2017.776279 3139.831489 325.887411 4152.863084 2082.088859 1672.790141 2423.697185 5667.248623 6488.947042 5113.193898 3019.666715 322.704343 3335.037054 419.775168 2465.027550 550.298156 3777.357092 1628.684422 583.641258 490.220523
ERI 849.647286 4606.873448 521.753848 1730.695009 1830.979080 1842.200512 1950.268271 1373.909980 435.612635 0.000000 522.518149 1289.845207 6096.378488 5803.198381 1923.141999 1429.169236 2660.406599 1910.442285 2717.590487 463.875776 4549.697064 2536.565394 1323.403619 1677.683100 2721.724391 5456.435693 4080.685334 2751.627998 481.601794 2910.665584 146.203642 1823.754754 729.483191 2031.975475 1462.420969 759.603999 650.508198
FEL 737.890771 5668.348190 15.990057 3019.066029 2301.374461 2312.578396 3600.045047 1897.391942 302.113812 522.518149 0.000000 1853.530197 8606.008404 8312.828296 2767.363986 3255.151794 3411.747120 2374.016117 3905.409685 417.074429 5628.224438 2765.201982 1460.287752 3587.647905 3473.088324 7966.068087 6590.308774 3595.878880 387.631471 4098.820777 535.631786 3038.781176 598.204064 4966.671561 1673.177789 764.309939 574.362943
GAL 2413.645131 3716.286486 1465.504046 2399.497628 549.326890 545.159808 1674.410556 568.191642 1440.402140 1289.845207 1853.530197 0.000000 5939.931497 5646.751390 647.604715 196.794188 2937.529673 214.993173 2785.850752 1391.277638 2273.214714 1782.042323 91.759642 1594.206715 3000.087493 5299.991180 5781.541172 813.432811 1761.117131 2687.801847 1246.566155 2180.993760 1618.626915 1764.929593 1362.110645 3242.803359 1560.427284
GOR 9461.424336 536.437521 7375.334803 2582.256491 5661.288509 5650.188971 2514.092024 5887.860056 7128.887359 6096.378488 8606.008404 5939.931497 0.000000 61.563932 6823.109312 6004.818616 1033.736934 6488.595957 2397.358014 7695.626530 444.743193 2394.507620 5718.871306 2393.567421 1041.142005 63.866157 179.224937 6289.442379 6388.090250 2662.146376 6019.632227 2301.061972 8527.383038 715.593707 1909.826775 8631.458649 7466.538174
HOM 9168.244228 532.500369 7082.154695 3576.259294 5368.108402 5357.008864 3507.855023 5594.679949 6835.707252 5803.198381 8312.828296 5646.751390 61.563932 0.000000 6529.929205 5711.638509 1393.044429 6195.415849 3390.930048 7402.446423 442.744373 3388.452464 5425.691198 3387.521572 1400.494388 20.296833 208.662842 5996.262272 6094.910143 3655.725799 5726.452120 3294.588054 8234.202931 2255.133224 3956.789453 8338.278542 7173.358067
LOX 3218.934898 3545.477533 3555.335001 4080.497453 684.987536 773.359727 3802.774813 102.879095 2191.150844 1923.141999 2767.363986 647.604715 6823.109312 6529.929205 0.000000 957.437037 4289.339551 968.989741 3879.600546 2370.593594 3617.130457 3439.930498 826.789188 3454.203573 4350.946389 6183.168996 6664.749881 6.216330 2172.774030 3781.636778 1884.393256 3406.709999 4043.055805 3100.447934 2787.019481 4049.747887 2697.103633
MAC 4014.392627 3780.525384 4043.569942 2718.932337 672.282345 665.264635 2790.503813 767.650342 2898.854460 1429.169236 3255.151794 196.794188 6004.818616 5711.638509 957.437037 0.000000 3934.888448 6.520729 3705.339849 2975.837288 3477.840064 2586.190287 191.718422 2705.316783 3998.577241 5364.878299 5846.437035 909.071232 3145.021999 3607.279949 2674.128428 3100.782664 4838.606944 3394.626836 2279.716632 4845.222224 3492.429760
MIC 6616.265521 521.783342 3371.102346 1075.403184 3369.897092 3358.782061 1171.573615 2667.338011 5605.907572 2660.406599 3411.747120 2937.529673 1033.736934 1393.044429 4289.339551 3934.888448 0.000000 4418.678825 1711.925107 3125.619846 575.691396 1084.920370 3697.985732 1062.430358 25.088956 2122.633435 905.953941 3755.575778 4869.932749 1378.889668 2685.262574 1069.610763 5682.224224 372.265943 825.393176 5786.299835 4621.094919
MON 3133.295079 4264.302725 3162.434266 3202.717207 690.884852 683.866711 3274.288683 779.199968 2017.776279 1910.442285 2374.016117 214.993173 6488.595957 6195.415849 968.989741 6.520729 4418.678825 0.000000 4189.124697 2094.615398 3961.662890 3069.980726 205.415345 3189.110697 4482.367618 5848.655640 6330.214375 920.623936 2263.800109 4091.064797 1793.159605 3584.567513 3957.509396 3878.501001 2763.497177 3964.124677 2611.332212
MUS 5459.084190 1980.457950 3910.045909 265.192681 2571.827390 2560.679267 188.453347 2759.157756 3139.831489 2717.590487 3905.409685 2785.850752 2397.358014 3390.930048 3879.600546 3705.339849 1711.925107 4189.124697 0.000000 3642.159416 1637.990685 618.625598 2860.873947 618.349256 1520.538312 4573.184901 2389.446260 3345.899443 3645.690422 7.576785 2624.170656 253.222955 4524.962336 1418.699586 703.662954 4629.110293 4996.218829
MYO 637.814598 4757.943924 410.202032 2801.228676 2177.376288 2188.600344 2244.179567 2097.209269 325.887411 463.875776 417.074429 1391.277638 7695.626530 7402.446423 2370.593594 2975.837288 3125.619846 2094.615398 3642.159416 0.000000 4717.072349 2201.255002 1432.904713 2540.481817 3186.963166 7055.686213 5679.933069 3199.092396 65.351923 3837.982394 470.347951 4116.079146 583.343989 2139.682309 1664.902557 706.886376 549.460647
NEW 6534.441395 207.271452 4398.414925 1324.234846 3342.446857 3331.318429 1266.709559 2681.954130 4152.863084 4549.697064 5628.224438 2273.214714 444.743193 442.744373 3617.130457 3477.840064 575.691396 3961.662890 1637.990685 4717.072349 0.000000 1407.383739 2456.198900 1406.405782 567.236113 490.501616 350.274745 3083.457238 4539.863352 1552.768194 4827.809866 1421.679202 5600.400097 399.202814 989.381013 5704.475708 4539.800962
OCH 5394.058187 1406.898606 2962.392328 490.772464 2406.682952 2395.542674 486.842789 2319.075167 2082.088859 2536.565394 2765.201982 1782.042323 2394.507620 3388.452464 3439.930498 2586.190287 1084.920370 3069.980726 618.625598 2201.255002 1407.383739 0.000000 1811.046444 8.803781 1027.150498 4570.763683 2386.531550 2906.221445 2204.379023 594.519285 2552.928194 476.435536 4459.936333 1011.463641 610.396727 4564.041958 4932.691016
ORN 2412.019001 3494.619494 2649.882880 2220.646513 554.584891 542.650957 2292.544257 572.381537 1672.790141 1323.403619 1460.287752 91.759642 5718.871306 5425.691198 826.789188 191.718422 3697.985732 205.415345 2860.873947 1432.904713 2456.198900 1811.046444 0.000000 1722.072278 1786.837758 5078.929797 5560.517353 778.310500 1811.995903 2762.802205 1290.930110 2256.131422 3235.806294 2210.912895 1424.417714 3242.714640 2417.634053
ORY 4887.869230 1405.998346 2499.008054 478.936409 2874.723673 2863.573641 499.566015 2333.030123 2423.697185 1677.683100 3587.647905 1594.206715 2393.567421 3387.521572 3454.203573 2705.316783 1062.430358 3189.110697 618.349256 2540.481817 1406.405782 8.803781 1722.072278 0.000000 1031.483580 4569.843282 2385.612652 2920.493438 2544.348293 594.736170 1692.904351 486.463446 3953.765462 1022.795369 581.974719 4057.893229 4426.492813
OTO 6677.601875 524.794432 3432.443550 1191.606308 3431.487969 3420.372938 1185.152795 2728.944849 5667.248623 2721.724391 3473.088324 3000.087493 1041.142005 1400.494388 4350.946389 3998.577241 25.088956 4482.367618 1520.538312 3186.963166 567.236113 1027.150498 1786.837758 1031.483580 0.000000 2130.083167 913.324594 3817.182617 4931.273770 1187.601442 2746.581637 1137.770252 5743.560577 365.918683 822.323953 5847.636188 4682.429216
PAN 8821.484019 504.169098 6735.394486 5764.511179 5021.348193 5010.248655 4690.247014 5247.919740 6488.947042 5456.435693 7966.068087 5299.991180 63.866157 20.296833 6183.168996 5364.878299 2122.633435 5848.655640 4573.184901 7055.686213 490.501616 4570.763683 5078.929797 4569.843282 2130.083167 0.000000 198.758657 5649.502063 5748.149933 4837.993189 5379.691911 4476.892757 7887.442721 775.574640 1280.042061 7991.518332 6826.597857
PON 7445.733119 385.603239 5359.637902 1631.804689 5502.897256 5491.797718 2506.569518 5729.500625 5113.193898 4080.685334 6590.308774 5781.541172 179.224937 208.662842 6664.749881 5846.437035 905.953941 6330.214375 2389.446260 5679.933069 350.274745 2386.531550 5560.517353 2385.612652 913.324594 198.758657 0.000000 6131.082948 4372.399311 2654.307617 4003.936157 2293.206838 6511.691821 594.235166 1241.961983 6615.767432 5450.849406
PRO 4047.437265 3011.816397 4383.849896 3546.786387 630.844115 718.974196 3269.069338 108.078226 3019.666715 2751.627998 3595.878880 813.432811 6289.442379 5996.262272 6.216330 909.071232 3755.575778 920.623936 3345.899443 3199.092396 3083.457238 2906.221445 778.310500 2920.493438 3817.182617 5649.502063 6131.082948 0.000000 3001.273271 3247.935675 2712.897202 2873.008896 4871.558172 2566.886580 2253.417224 4878.250253 3525.606000
PTE 690.417229 4579.963505 387.371599 2804.451323 1983.290297 1994.514912 2246.695766 1899.542651 322.704343 481.601794 387.631471 1761.117131 6388.090250 6094.910143 2172.774030 3145.021999 4869.932749 2263.800109 3645.690422 65.351923 4539.863352 2204.379023 1811.995903 2544.348293 4931.273770 5748.149933 4372.399311 3001.273271 0.000000 3841.723694 475.456378 4120.935143 571.755288 3423.419696 1650.318995 659.556650 533.708225
RAT 4797.648350 1895.192648 4103.735053 240.874193 3124.281542 3113.133418 206.587097 2661.193647 3335.037054 2910.665584 4098.820777 2687.801847 2662.146376 3655.725799 3781.636778 3607.279949 1378.889668 4091.064797 7.576785 3837.982394 1552.768194 594.519285 2762.802205 594.736170 1187.601442 4837.993189 2654.307617 3247.935675 3841.723694 0.000000 2816.975567 297.662794 3863.526496 1333.488998 725.040594 3967.674453 4334.601310
SOR 773.291842 4885.152039 532.393216 3522.716420 1754.389009 1765.580364 1858.995424 1326.421052 419.775168 146.203642 535.631786 1246.566155 6019.632227 5726.452120 1884.393256 2674.128428 2685.262574 1793.159605 2624.170656 470.347951 4827.809866 2552.928194 1290.930110 1692.904351 2746.581637 5379.691911 4003.936157 2712.897202 475.456378 2816.975567 0.000000 2235.770413 751.669221 1956.587823 1422.401048 870.665284 657.895467
SPE 5690.587529 1195.305943 3043.407676 162.569732 2905.112314 2893.972158 172.126538 2286.099872 2465.027550 1823.754754 3038.781176 2180.993760 2301.061972 3294.588054 3406.709999 3100.782664 1069.610763 3584.567513 253.222955 4116.079146 1421.679202 476.435536 2256.131422 486.463446 1137.770252 4476.892757 2293.206838 2873.008896 4120.935143 297.662794 2235.770413 0.000000 4756.465675 1023.946984 618.931421 4860.613632 5228.143932
SUS 92.944327 5640.051969 687.998461 4531.962053 3641.709296 3652.924261 4363.591661 3816.757660 550.298156 729.483191 598.204064 1618.626915 8527.383038 8234.202931 4043.055805 4838.606944 5682.224224 3957.509396 4524.962336 583.343989 5600.400097 4459.936333 3235.806294 3953.765462 5743.560577 7887.442721 6511.691821 4871.558172 571.755288 3863.526496 751.669221 4756.465675 0.000000 6658.022799 3749.503689 98.760629 108.164803
TAR 7592.082384 365.713746 4023.224545 1015.546444 2915.982081 2904.832330 1052.594458 3236.942320 3777.357092 2031.975475 4966.671561 1764.929593 715.593707 2255.133224 3100.447934 3394.626836 372.265943 3878.501001 1418.699586 2139.682309 399.202814 1011.463641 2210.912895 1022.795369 365.918683 775.574640 594.235166 2566.886580 3423.419696 1333.488998 1956.587823 1023.946984 6658.022799 0.000000 794.003423 6762.063600 5596.447247
TUP 3053.723132 942.571865 2164.537021 643.883798 2208.329740 2197.220153 667.046535 1460.281844 1628.684422 1462.420969 1673.177789 1362.110645 1909.826775 3956.789453 2787.019481 2279.716632 825.393176 2763.497177 703.662954 1664.902557 989.381013 610.396727 1424.417714 581.974719 822.323953 1280.042061 1241.961983 2253.417224 1650.318995 725.040594 1422.401048 618.931421 3749.503689 794.003423 0.000000 2606.741609 1833.295851
TUR 20.577466 5744.127580 698.186925 4636.110010 3648.770086 3659.985051 4467.721533 3823.455566 583.641258 759.603999 764.309939 3242.803359 8631.458649 8338.278542 4049.747887 4845.222224 5786.299835 3964.124677 4629.110293 706.886376 5704.475708 4564.041958 3242.714640 4057.893229 5847.636188 7991.518332 6615.767432 4878.250253 659.556650 3967.674453 870.665284 4860.613632 98.760629 6762.063600 2606.741609 0.000000 133.191588
VIC 138.516314 4579.377455 570.103013 5003.135177 2884.277974 2895.500849 4834.563939 2470.671507 490.220523 650.508198 574.362943 1560.427284 7466.538174 7173.358067 2697.103633 3492.429760 4621.094919 2611.332212 4996.218829 549.460647 4539.800962 4932.691016 2417.634053 4426.492813 4682.429216 6826.597857 5450.849406 3525.606000 533.708225 4334.601310 657.895467 5228.143932 108.164803 5596.447247 1833.295851 133.191588 0.000000
