11
0 0.000000 37.666505 40.230594 41.618587 41.738057 40.997886 42.311109 39.531897 40.809327 40.961243 38.236969
1 37.666505 0.000000 29.418722 43.427772 37.836126 49.712516 39.607792 42.437249 44.625410 39.638715 41.755317
10 40.230594 29.418722 0.000000 43.081566 42.354524 42.008824 40.721846 37.206816 47.036507 42.097881 41.952004
2 41.618587 43.427772 43.081566 0.000000 33.859971 37.883042 43.741052 43.561487 42.585393 46.381639 30.017801
3 41.738057 37.836126 42.354524 33.859971 0.000000 40.049424 39.857725 42.393292 45.732143 44.795359 35.930578
4 40.997886 49.712516 42.008824 37.883042 40.049424 0.000000 48.249939 46.824247 18.019704 49.453114 44.672278
5 42.311109 39.607792 40.721846 43.741052 39.857725 48.249939 0.000000 34.681704 44.004050 27.131363 47.509588
6 39.531897 42.437249 37.206816 43.561487 42.393292 46.824247 34.681704 0.000000 47.180143 31.265235 40.549314
7 40.809327 44.625410 47.036507 42.585393 45.732143 18.019704 44.004050 47.180143 0.000000 44.499051 42.519779
8 40.961243 39.638715 42.097881 46.381639 44.795359 49.453114 27.131363 31.265235 44.499051 0.000000 42.654626
9 38.236969 41.755317 41.952004 30.017801 35.930578 44.672278 47.509588 40.549314 42.519779 42.654626 0.000000
