37
BOS 0.000000 5162.428152 719.166999 2899.082236 4458.822402 3614.621443 4860.213393 3912.084226 580.610608 689.792014 695.784142 3547.095121 8850.479757 9629.963891 5175.966664 3641.419370 5235.455698 3493.539451 5944.237886 645.602095 6752.746457 5549.482417 3239.796879 5132.489765 4975.566207 9581.295886 7402.879190 4347.870171 624.697741 6342.509704 798.102586 2891.536920 91.902495 4910.064242 3855.666904 22.880828 139.655606
CAL 5162.428152 0.000000 4170.294710 1469.413314 3720.044489 4259.427825 1231.854178 3935.596618 4429.666876 3670.280591 4156.530679 1790.300086 533.873492 2137.329063 4266.935641 3933.306468 521.963468 3990.935370 1410.324955 3033.748435 209.365290 1170.677057 3509.578561 1441.287204 511.110831 530.474319 384.515211 4802.439213 3440.295428 1426.587160 3892.894467 1217.944774 4361.971155 378.277153 911.675474 4968.121098 4662.463159
CAN 719.166999 4170.294710 0.000000 3258.579983 3159.437490 2315.283840 3959.409089 2570.907265 338.748456 544.533624 10.320877 1562.370408 6860.531711 7640.015844 3149.129264 1719.194929 2886.522248 2113.550081 3464.209211 425.367667 3613.814603 4017.776176 1630.720221 3600.782602 3184.144510 7591.347839 5412.870367 2321.037825 435.456794 3862.292391 549.347812 2798.419716 584.036858 2958.967963 2433.149611 748.387598 616.586380
CAV 2899.082236 1469.413314 3258.579983 0.000000 2416.538356 2955.882781 169.380977 2487.937108 2589.973950 1830.433089 3244.807305 1566.375171 4118.617957 3472.614434 2920.686242 3318.706991 1241.494693 3376.502963 265.462297 3207.617353 1761.170219 470.482238 2493.304508 468.261535 1108.170269 3423.946429 1712.453001 3456.200235 2598.571239 263.252620 2123.046605 166.345528 4195.467091 1073.585972 636.811384 4801.595141 2838.978606
CHO 4458.822402 3720.044489 3159.437490 2416.538356 0.000000 4.599428 2589.106318 513.227770 2734.562109 2672.760508 2842.373673 541.915505 5326.890533 6106.374238 641.326043 657.672115 2538.275403 670.849966 3472.392404 2757.922101 4885.964405 2698.107645 514.120454 3256.694216 2652.736866 6057.706233 5591.149506 576.919126 2756.692708 2988.730311 2618.325576 2377.100450 3393.723702 2552.420121 2132.307711 4362.920530 3996.020878
DAS 3614.621443 4259.427825 2315.283840 2955.882781 4.599428 0.000000 3128.456803 518.224904 1890.406347 1828.636848 1998.220332 559.609833 5866.271503 6645.755208 589.230651 682.879853 3077.657372 696.057675 4011.742381 1913.800726 5425.345376 3237.462161 543.071886 3796.048732 3192.122953 6597.087204 6130.530477 634.815236 1912.580278 3528.080288 1774.265317 2916.448718 2549.522744 3091.798027 2671.659296 3518.719572 3151.798126
DIP 4860.213393 1231.854178 3959.409089 169.380977 2589.106318 3128.456803 0.000000 2939.799721 2020.950299 1837.594984 3945.633553 1540.096290 3974.805119 3334.738326 3372.931013 2544.669032 1090.543498 2602.516170 209.636662 2330.198295 1880.079897 493.894088 1639.836249 489.055772 1336.542015 3286.070321 2365.325832 3908.445005 2027.313468 204.828259 2416.086098 181.336091 4055.544066 1071.938678 659.793956 4661.707748 4360.179732
ECH 3912.084226 3935.596618 2570.907265 2487.937108 513.227770 518.224904 2939.799721 0.000000 2013.803024 2054.500266 2498.846247 580.310168 5013.208475 5792.692180 106.010302 789.877784 2638.086812 760.023370 3480.156602 2034.275161 5408.074262 2613.450513 569.587265 3171.998066 2597.864213 5744.024175 5276.416800 106.958155 2054.451585 2996.494510 1894.019095 2368.959945 2703.713248 1778.295328 2297.651530 3816.182355 3108.645753
EQU 580.610608 4429.666876 338.748456 2589.973950 2734.562109 1890.406347 2020.950299 2013.803024 0.000000 460.146376 326.819472 1276.000818 5814.614640 6594.098774 3277.687778 1525.801252 2096.798283 1920.251225 2746.440068 338.605206 4108.568935 2742.606184 1378.007982 2325.611770 2394.900129 6545.430769 4367.045461 2449.591285 333.941517 3144.708050 445.612801 2583.693091 496.787120 1908.694464 1530.543362 594.570504 460.854895
ERI 689.792014 3670.280591 544.533624 1830.433089 2672.760508 1828.636848 1837.594984 2054.500266 460.146376 0.000000 552.009874 1240.936082 5694.424419 6473.908552 2731.218695 1870.593632 2329.897290 1722.616395 2460.454685 463.752428 3981.612927 2651.130580 1313.709959 2234.134742 2625.405620 6425.240547 4247.051237 1903.122202 462.517710 1958.115413 158.757704 1916.177948 722.352850 1893.344986 1433.499245 762.281829 663.930630
FEL 695.784142 4156.530679 10.320877 3244.807305 2842.373673 1998.220332 3945.633553 2498.846247 326.819472 552.009874 0.000000 1832.501858 6846.761233 7626.245366 3077.078581 1990.811605 2872.761641 2385.166757 3450.436564 433.552388 3600.044175 4003.988262 1902.013938 3586.994687 3170.383909 7577.577361 5399.099889 2248.987142 432.077536 3848.519743 546.694174 2784.646558 757.820362 2945.207442 2419.353956 725.040808 586.570336
GAL 3547.095121 1790.300086 1562.370408 1566.375171 541.915505 559.609833 1540.096290 580.310168 1276.000818 1240.936082 1832.501858 0.000000 4651.723770 5431.207934 648.685801 215.755268 1641.683249 197.398622 2512.994896 1350.016726 2016.610925 1960.656085 100.600528 2519.329883 1779.033475 5382.539929 4916.563728 795.876748 1334.652143 2029.710484 1212.459419 1590.321627 1562.888003 1673.376602 1334.616677 3451.185126 2546.763465
GOR 8850.479757 533.873492 6860.531711 4118.617957 5326.890533 5866.271503 3974.805119 5013.208475 5814.614640 5694.424419 6846.761233 4651.723770 0.000000 64.272944 5344.542543 5140.262164 1044.170024 5197.957936 4430.176161 7108.117662 463.950934 4435.704593 2028.964086 4188.661927 1044.141195 59.435468 188.182474 5880.046115 6166.136282 4265.001953 5963.861763 4284.779868 8049.858190 698.934622 1382.513555 8656.023652 8350.461914
HOM 9629.963891 2137.329063 7640.015844 3472.614434 6106.374238 6645.755208 3334.738326 5792.692180 6594.098774 6473.908552 7626.245366 5431.207934 64.272944 0.000000 6124.026248 5919.745869 2451.868006 5977.441642 3784.381153 7887.601796 479.677371 3250.660954 3308.643566 3100.479337 2451.944914 19.607285 198.347322 6659.529820 6945.620416 3625.112152 6743.345896 3638.652121 8829.342324 2376.065263 4156.707843 9435.507785 9129.946047
LOX 5175.966664 4266.935641 3149.129264 2920.686242 641.326043 589.230651 3372.931013 106.010302 3277.687778 2731.218695 3077.078581 648.685801 5344.542543 6124.026248 0.000000 906.512488 2969.417916 876.667695 3913.029022 3298.278326 5739.448850 3046.584415 797.371036 3605.131967 2929.156397 6075.358243 5607.750868 7.468631 3318.437550 3429.366930 3158.638683 2801.819106 3967.593368 3386.484168 2629.127471 5080.064793 3152.294683
MAC 3641.419370 3933.306468 1719.194929 3318.706991 657.672115 682.879853 2544.669032 789.877784 1525.801252 1870.593632 1990.811605 215.755268 5140.262164 5919.745869 906.512488 0.000000 2679.602407 7.621723 3494.325211 1960.879849 5487.598485 2747.080599 202.749170 3305.628151 2537.962308 5871.077864 5405.129513 899.166683 1964.770751 3010.672455 1853.759528 3211.867040 3117.170161 2725.480235 2212.615254 3545.517498 2736.582706
MIC 5235.455698 521.963468 2886.522248 1241.494693 2538.275403 3077.657372 1090.543498 2638.086812 2096.798283 2329.897290 2872.761641 1641.683249 1044.170024 2451.868006 2969.417916 2679.602407 0.000000 2737.344579 1669.837793 2772.113737 550.340164 1473.554674 2012.953327 1030.810454 37.563358 2403.203579 812.601627 3504.921488 2700.580762 1279.750358 2043.877372 1225.552211 4434.979506 352.042067 800.748928 5041.141560 4735.511188
MON 3493.539451 3990.935370 2113.550081 3376.502963 670.849966 696.057675 2602.516170 760.023370 1920.251225 1722.616395 2385.166757 197.398622 5197.957936 5977.441642 876.667695 7.621723 2737.344579 0.000000 3552.041011 1812.747768 5545.294258 2804.682062 192.351237 3363.229615 2595.673576 5928.773637 5462.825286 869.321889 1816.628048 3068.388255 1705.689638 3269.680344 2969.330062 2783.096271 1435.451349 3397.637580 2588.702787
MUS 5944.237886 1410.324955 3464.209211 265.462297 3472.392404 4011.742381 209.636662 3480.156602 2746.440068 2460.454685 3450.436564 2512.994896 4430.176161 3784.381153 3913.029022 3494.325211 1669.837793 3552.041011 0.000000 2715.203851 1410.691187 635.798594 3032.334627 631.018209 1765.957126 3735.713148 2014.963781 4448.543015 2755.963342 5.403108 2131.351280 272.574385 4801.220421 1429.052618 779.486418 5407.364203 5444.185672
MYO 645.602095 3033.748435 425.367667 3207.617353 2757.922101 1913.800726 2330.198295 2034.275161 338.605206 463.752428 433.552388 1350.016726 7108.117662 7887.601796 3298.278326 1960.879849 2772.113737 1812.747768 2715.203851 0.000000 3282.696659 2748.407064 1408.816026 2331.411226 2507.120790 7838.933791 5660.326186 2470.181833 61.652188 3161.024779 445.546588 2142.462527 605.193180 2527.430581 1570.112617 618.833814 573.435615
NEW 6752.746457 209.365290 3613.814603 1761.170219 4885.964405 5425.345376 1880.079897 5408.074262 4108.568935 3981.612927 3600.044175 2016.610925 463.950934 479.677371 5739.448850 5487.598485 550.340164 5545.294258 1410.691187 3282.696659 0.000000 1603.321319 5089.282344 1453.918405 556.279224 2029.005916 348.591398 6274.952422 2967.200043 1780.861309 2723.411485 1575.896317 5951.822203 397.431683 999.918437 6558.007729 6252.728654
OCH 5549.482417 1170.677057 4017.776176 470.482238 2698.107645 3237.462161 493.894088 2613.450513 2742.606184 2651.130580 4003.988262 1960.656085 4435.704593 3250.660954 3046.584415 2747.080599 1473.554674 2804.682062 635.798594 2748.407064 1603.321319 0.000000 1982.959299 9.402725 1158.377450 3201.992949 1486.182788 3582.098407 2798.845640 645.055134 2625.668768 456.831299 4747.351339 1020.762635 640.693396 5353.498529 5049.448326
ORN 3239.796879 3509.578561 1630.720221 2493.304508 514.120454 543.071886 1639.836249 569.587265 1378.007982 1313.709959 1902.013938 100.600528 2028.964086 3308.643566 797.371036 202.749170 2012.953327 192.351237 3032.334627 1408.816026 5089.282344 1982.959299 0.000000 2541.439353 1715.935230 4814.788908 4796.376962 634.619746 1413.418117 2548.638680 1308.868691 1635.746892 2715.325149 1801.625231 1370.031083 3143.899077 2334.861595
ORY 5132.489765 1441.287204 3600.782602 468.261535 3256.694216 3796.048732 489.055772 3171.998066 2325.611770 2234.134742 3586.994687 2519.329883 4188.661927 3100.479337 3605.131967 3305.628151 1030.810454 3363.229615 631.018209 2331.411226 1453.918405 9.402725 2541.439353 0.000000 1109.107028 3051.811332 1646.652363 4140.645959 2381.849802 640.272613 2208.674428 463.397285 4330.358687 1308.294048 621.575015 4936.505877 4632.455674
OTO 4975.566207 511.110831 3184.144510 1108.170269 2652.736866 3192.122953 1336.542015 2597.864213 2394.900129 2625.405620 3170.383909 1779.033475 1044.141195 2451.944914 2929.156397 2537.962308 37.563358 2595.673576 1765.957126 2507.120790 556.279224 1158.377450 1715.935230 1109.107028 0.000000 2403.280487 809.347056 3464.659969 2436.639312 1374.703512 2339.345368 1099.896924 4175.090015 358.018801 791.752724 4781.252069 4475.621702
PAN 9581.295886 530.474319 7591.347839 3423.946429 6057.706233 6597.087204 3286.070321 5744.024175 6545.430769 6425.240547 7577.577361 5382.539929 59.435468 19.607285 6075.358243 5871.077864 2403.203579 5928.773637 3735.713148 7838.933791 2029.005916 3201.992949 4814.788908 3051.811332 2403.280487 0.000000 211.249761 6610.861815 6896.952411 3576.444147 6694.677891 3589.984116 8780.674319 2327.400836 4108.039838 9386.839780 9081.278042
PON 7402.879190 384.515211 5412.870367 1712.453001 5591.149506 6130.530477 2365.325832 5276.416800 4367.045461 4247.051237 5399.099889 4916.563728 188.182474 198.347322 5607.750868 5405.129513 812.601627 5462.825286 2014.963781 5660.326186 348.591398 1486.182788 4796.376962 1646.652363 809.347056 211.249761 0.000000 6143.254440 4718.483814 2808.170850 4516.690392 1878.343127 6602.257623 687.645297 1178.087804 7208.423085 6902.861346
PRO 4347.870171 4802.439213 2321.037825 3456.200235 576.919126 634.815236 3908.445005 106.958155 2449.591285 1903.122202 2248.987142 795.876748 5880.046115 6659.529820 7.468631 899.166683 3504.921488 869.321889 4448.543015 2470.181833 6274.952422 3582.098407 634.619746 4140.645959 3464.659969 6610.861815 6143.254440 0.000000 2490.341057 3964.880922 2330.542190 3337.333098 3139.496874 3921.987740 3164.631043 4251.968300 2324.203245
PTE 624.697741 3440.295428 435.456794 2598.571239 2756.692708 1912.580278 2027.313468 2054.451585 333.941517 462.517710 432.077536 1334.652143 6166.136282 6945.620416 3318.437550 1964.770751 2700.580762 1816.628048 2755.963342 61.652188 2967.200043 2798.845640 1413.418117 2381.849802 2436.639312 6896.952411 4718.483814 2490.341057 0.000000 3154.246962 441.023170 2598.844765 581.783762 2927.211125 1558.105027 622.789788 587.711027
RAT 6342.509704 1426.587160 3862.292391 263.252620 2988.730311 3528.080288 204.828259 2996.494510 3144.708050 1958.115413 3848.519743 2029.710484 4265.001953 3625.112152 3429.366930 3010.672455 1279.750358 3068.388255 5.403108 3161.024779 1780.861309 645.055134 2548.638680 640.272613 1374.703512 3576.444147 2808.170850 3964.880922 3154.246962 0.000000 3248.924814 275.136350 5247.088840 1237.800636 745.424940 5853.232622 5842.457490
SOR 798.102586 3892.894467 549.347812 2123.046605 2618.325576 1774.265317 2416.086098 1894.019095 445.612801 158.757704 546.694174 1212.459419 5963.861763 6743.345896 3158.638683 1853.759528 2043.877372 1705.689638 2131.351280 445.546588 2723.411485 2625.668768 1308.868691 2208.674428 2339.345368 6694.677891 4516.690392 2330.542190 441.023170 3248.924814 0.000000 1821.028280 714.879620 1885.270935 1456.764742 669.843781 651.314772
SPE 2891.536920 1217.944774 2798.419716 166.345528 2377.100450 2916.448718 181.336091 2368.959945 2583.693091 1916.177948 2784.646558 1590.321627 4284.779868 3638.652121 2801.819106 3211.867040 1225.552211 3269.680344 272.574385 2142.462527 1575.896317 456.831299 1635.746892 463.397285 1099.896924 3589.984116 1878.343127 3337.333098 2598.844765 275.136350 1821.028280 0.000000 4187.937342 1042.447397 645.289737 4794.050185 2831.440550
SUS 91.902495 4361.971155 584.036858 4195.467091 3393.723702 2549.522744 4055.544066 2703.713248 496.787120 722.352850 757.820362 1562.888003 8049.858190 8829.342324 3967.593368 3117.170161 4434.979506 2969.330062 4801.220421 605.193180 5951.822203 4747.351339 2715.325149 4330.358687 4175.090015 8780.674319 6602.257623 3139.496874 581.783762 5247.088840 714.879620 4187.937342 0.000000 4109.323599 4151.157269 96.036813 107.598065
TAR 4910.064242 378.277153 2958.967963 1073.585972 2552.420121 3091.798027 1071.938678 1778.295328 1908.694464 1893.344986 2945.207442 1673.376602 698.934622 2376.065263 3386.484168 2725.480235 352.042067 2783.096271 1429.052618 2527.430581 397.431683 1020.762635 1801.625231 1308.294048 358.018801 2327.400836 687.645297 3921.987740 2927.211125 1237.800636 1885.270935 1042.447397 4109.323599 0.000000 809.474886 4715.494336 4410.091176
TUP 3855.666904 911.675474 2433.149611 636.811384 2132.307711 2671.659296 659.793956 2297.651530 1530.543362 1433.499245 2419.353956 1334.616677 1382.513555 4156.707843 2629.127471 2212.615254 800.748928 1435.451349 779.486418 1570.112617 999.918437 640.693396 1370.031083 621.575015 791.752724 4108.039838 1178.087804 3164.631043 1558.105027 745.424940 1456.764742 645.289737 4151.157269 809.474886 0.000000 3659.702807 3355.525663
TUR 22.880828 4968.121098 748.387598 4801.595141 4362.920530 3518.719572 4661.707748 3816.182355 594.570504 762.281829 725.040808 3451.185126 8656.023652 9435.507785 5080.064793 3545.517498 5041.141560 3397.637580 5407.364203 618.833814 6558.007729 5353.498529 3143.899077 4936.505877 4781.252069 9386.839780 7208.423085 4251.968300 622.789788 5853.232622 669.843781 4794.050185 96.036813 4715.494336 3659.702807 0.000000 138.745873
VIC 139.655606 4662.463159 616.586380 2838.978606 3996.020878 3151.798126 4360.179732 3108.645753 460.854895 663.930630 586.570336 2546.763465 8350.461914 9129.946047 3152.294683 2736.582706 4735.511188 2588.702787 5444.185672 573.435615 6252.728654 5049.448326 2334.861595 4632.455674 4475.621702 9081.278042 6902.861346 2324.203245 587.711027 5842.457490 651.314772 2831.440550 107.598065 4410.091176 3355.525663 138.745873 0.000000
