37
BOS 0.000000 6138.882481 687.293810 3931.106294 3849.115105 3483.333349 4705.049383 2957.006127 579.703041 757.108143 691.111876 3153.806569 7460.544770 8015.654331 4311.017558 3548.343699 5282.429428 3544.032762 4742.305168 609.283594 4694.113238 4012.243745 3122.655712 4542.147298 4879.911230 7872.980325 8245.295702 4068.235774 646.466392 4938.201323 731.252111 3614.120742 99.396539 4618.233692 3280.744955 20.963434 141.273371
CAL 6138.882481 0.000000 5262.908763 1728.285042 2766.361884 2341.219889 1239.826116 3586.018284 4495.880275 2276.730528 4433.639705 2923.279978 533.531725 536.363449 4438.957014 3258.192113 539.717322 3060.647384 1489.030398 4925.305692 196.103990 1222.374171 2865.889494 1257.491739 537.978698 467.181464 412.991464 4194.169696 4412.323921 1702.346029 2237.948746 1201.751889 6410.288335 371.423094 982.910834 6591.927152 5215.256310
CAN 687.293810 5262.908763 0.000000 2259.481114 2321.613585 2100.817246 3325.076533 2495.983944 308.785614 530.785790 13.891176 1565.454259 6679.425387 7234.534948 3340.687835 2139.254861 4934.035051 2134.930646 3362.592892 397.741740 5180.909478 2552.986948 1604.805364 3083.249905 4531.146451 7091.860942 7464.176320 3097.928971 411.265421 3558.363383 531.677313 2428.662143 608.511430 3203.454590 1965.054554 668.675878 552.278094
CAV 3931.106294 1728.285042 2259.481114 0.000000 2048.054197 2453.127884 177.525651 2288.715779 2245.424835 1776.867391 2693.670536 1567.744277 2973.125661 2062.546403 2308.882975 2559.792763 1047.819644 2312.372418 270.197302 1954.093767 1240.843105 469.653467 1947.589644 467.303546 1046.596780 4159.402282 1801.633103 3427.740182 2462.879110 279.748342 1733.633175 157.455361 4007.722660 1042.818470 672.038594 4384.171700 4145.956687
CHO 3849.115105 2766.361884 2321.613585 2048.054197 0.000000 5.277159 2331.971723 615.918318 1597.803151 1445.232984 2630.965802 529.941760 6019.472515 6574.578571 660.094681 675.148369 2420.340622 685.777034 2869.626493 1988.938606 2731.572205 2752.513489 554.806180 2450.237558 3017.653441 6431.901406 6804.203579 588.959597 2021.959327 3013.959435 1469.358296 2029.233327 1819.336747 2627.074204 2249.743439 2879.515053 2141.177412
DAS 3483.333349 2341.219889 2100.817246 2453.127884 5.277159 0.000000 2737.042271 513.275560 1920.308638 1767.857532 2410.176124 538.114824 5594.330342 6149.436398 645.695378 659.453815 2825.427010 670.087332 3274.697041 1768.527766 2306.429416 3157.589580 548.735870 2855.313649 3422.739830 6006.759233 6379.061406 708.625037 1801.489966 3419.029983 1791.926010 2434.309133 2141.829604 2201.935430 1824.603591 2513.831234 1919.124782
DIP 4705.049383 1239.826116 3325.076533 177.525651 2331.971723 2737.042271 0.000000 2591.320987 2614.531596 1935.199289 3759.367604 1612.803284 5506.555424 4595.700929 2609.907906 2817.632589 1118.467834 2474.550026 191.276657 2151.158130 1305.605934 468.204961 1845.230948 485.961264 1106.031443 3219.307473 1833.106314 3728.765095 1925.293096 206.165118 1869.952294 187.031239 4781.665863 1135.092392 665.807957 5158.143482 4919.839161
ECH 2957.006127 3586.018284 2495.983944 2288.715779 615.918318 513.275560 2591.320987 0.000000 2487.951987 1458.638552 2806.590419 587.431946 5412.844854 5967.950910 96.377929 782.937458 2802.838725 677.524652 3096.285994 2531.639488 2073.286048 3052.109762 581.483537 2749.926756 3400.047914 5825.273745 6197.575918 104.160466 2258.802763 3240.650200 1458.488922 2286.271058 2316.158094 1970.159364 1483.128205 2435.191194 2074.323977
EQU 579.703041 4495.880275 308.785614 2245.424835 1597.803151 1920.308638 2614.531596 2487.951987 0.000000 468.358945 312.103468 1417.135971 5912.550904 6467.660465 2885.973621 2042.384552 2831.592364 2038.059739 3643.919504 315.669118 4893.732397 2199.988232 1442.951965 2730.336852 2429.206926 6324.986459 6697.301836 2643.414155 326.331106 2461.521611 452.875426 1815.693940 502.143888 2824.100022 1622.663612 529.692625 475.777988
ERI 757.108143 2276.730528 530.785790 1776.867391 1445.232984 1767.857532 1935.199289 1458.638552 468.358945 0.000000 544.191246 1300.098964 5559.150806 6114.260367 3211.935490 1898.817523 2683.019299 1894.501675 3224.316371 460.721634 2605.934468 2608.773041 1327.103979 1760.173158 2280.971498 5971.586361 6343.901738 2969.156925 475.038481 2385.891972 146.021038 1675.409124 711.861480 1773.168179 1471.821001 694.474183 656.789215
FEL 691.111876 4433.639705 13.891176 2693.670536 2630.965802 2410.176124 3759.367604 2806.590419 312.103468 544.191246 0.000000 1436.645466 5850.093331 6405.202891 3651.176535 2891.262498 4105.577855 2886.938284 3796.617694 407.289540 4351.389353 2987.222428 2356.742547 3517.477298 3702.751719 6262.528886 6634.844263 3408.419784 396.356000 3992.786927 533.754251 2863.271420 603.025832 2377.815994 2398.025035 672.508701 566.047633
GAL 3153.806569 2923.279978 1565.454259 1567.744277 529.941760 538.114824 1612.803284 587.431946 1417.135971 1300.098964 1436.645466 0.000000 4836.089150 5391.163199 805.183106 194.927770 2073.364970 212.009324 2504.013800 1401.357561 3130.611723 2447.480771 102.286772 1584.363926 1674.099219 5248.432269 5620.573534 736.175421 1411.830444 2647.797897 1290.394332 1576.973580 2246.902785 1739.901760 1375.839119 2183.996369 1530.918464
GOR 7460.544770 533.531725 6679.425387 2973.125661 6019.472515 5594.330342 5506.555424 5412.844854 5912.550904 5559.150806 5850.093331 4836.089150 0.000000 60.354503 6266.471801 5869.134691 2321.956692 5671.589962 5591.999234 6246.751861 462.181334 2868.473891 4976.052267 2896.235819 2414.950767 63.600353 182.806805 6021.751837 5828.848839 5371.886508 5712.523266 5401.281766 7731.950582 692.518376 1248.498450 7913.589486 6536.904627
HOM 8015.654331 536.363449 7234.534948 2062.546403 6574.578571 6149.436398 4595.700929 5967.950910 6467.660465 6114.260367 6405.202891 5391.163199 60.354503 0.000000 6821.577857 6424.240747 1010.753527 6226.696018 4681.145990 6801.861422 432.269582 1957.760255 5531.149988 1985.382471 897.273997 21.668189 203.199749 6576.857893 6383.958400 4461.033878 6267.632827 4490.694640 8287.060143 696.573884 5297.927583 8468.699047 7092.014187
LOX 4311.017558 4438.957014 3340.687835 2308.882975 660.094681 645.695378 2609.907906 96.377929 2885.973621 3211.935490 3651.176535 805.183106 6266.471801 6821.577857 0.000000 910.095863 3657.277752 956.931211 3115.457342 2929.656996 3720.904224 4033.645685 639.402227 3731.461862 4254.462793 6678.900692 7051.202865 6.875957 3104.291073 3259.819651 3211.773415 2305.115631 3268.701083 3617.772765 3206.156731 3791.072070 3427.590822
MAC 3548.343699 3258.192113 2139.254861 2559.792763 675.148369 659.453815 2817.632589 782.937458 2042.384552 1898.817523 2891.262498 194.927770 5869.134691 6424.240747 910.095863 0.000000 2865.805017 7.670814 3863.360492 2057.287600 3465.482681 2588.535724 198.229078 2286.300231 3463.632164 6281.563582 6653.865755 840.850518 2076.096987 4007.706914 1896.016098 1858.675415 2643.076008 2758.747900 1641.945694 2579.902392 2679.588742
MIC 5282.429428 539.717322 4934.035051 1047.819644 2420.340622 2825.427010 1118.467834 2802.838725 2831.592364 2683.019299 4105.577855 2073.364970 2321.956692 1010.753527 3657.277752 2865.805017 0.000000 2669.044932 1320.489294 3739.550598 556.981445 1017.428880 2034.031981 1088.022363 31.945435 1005.663254 800.063904 3412.668409 3178.805997 1527.815381 2685.292055 1075.541280 3777.852337 364.081031 784.817724 5738.041889 3353.288613
MON 3544.032762 3060.647384 2134.930646 2312.372418 685.777034 670.087332 2474.550026 677.524652 2038.059739 1894.501675 2886.938284 212.009324 5671.589962 6226.696018 956.931211 7.670814 2669.044932 0.000000 3520.277929 2052.959802 3267.937952 3233.165439 200.859412 2930.929946 3266.823289 6084.018852 6456.321025 887.685866 2071.772773 3664.624351 1891.698678 2505.025947 2638.765071 2561.584938 2285.752514 2575.591455 2675.273201
MUS 4742.305168 1489.030398 3362.592892 270.197302 2869.626493 3274.697041 191.276657 3096.285994 3643.919504 3224.316371 3796.617694 2504.013800 5591.999234 4681.145990 3115.457342 3863.360492 1320.489294 3520.277929 0.000000 3084.666763 1771.544422 569.933684 2889.491795 624.697158 1311.710122 3304.677406 2583.681956 4234.314531 3071.836460 5.207830 3157.761022 275.641386 4818.880934 1189.831927 750.902307 5195.357278 4957.511697
MYO 609.283594 4925.305692 397.741740 1954.093767 1988.938606 1768.527766 2151.158130 2531.639488 315.669118 460.721634 407.289540 1401.357561 6246.751861 6801.861422 2929.656996 2057.287600 3739.550598 2052.959802 3084.666763 0.000000 3382.691743 2361.788464 1461.782840 2893.776097 3336.547332 6659.187416 7031.502793 2687.096488 69.406784 3376.816794 483.647631 1902.061916 536.401104 2012.402649 1666.038179 590.579079 521.429021
NEW 4694.113238 196.103990 5180.909478 1240.843105 2731.572205 2306.429416 1305.605934 2073.286048 4893.732397 2605.934468 4351.389353 3130.611723 462.181334 432.269582 3720.904224 3465.482681 556.981445 3267.937952 1771.544422 3382.691743 0.000000 1233.266509 1854.575089 1285.867923 564.916731 487.920896 342.873588 3476.230514 4666.814045 1552.170606 2519.253030 1618.987983 4965.543338 411.385359 964.721161 5147.110989 3772.253940
OCH 4012.243745 1222.374171 2552.986948 469.653467 2752.513489 3157.589580 468.204961 3052.109762 2199.988232 2608.773041 2987.222428 2447.480771 2868.473891 1957.760255 4033.645685 2588.535724 1017.428880 3233.165439 569.933684 2361.788464 1233.266509 0.000000 2599.447059 11.093985 1057.242204 4200.150715 2416.497899 3546.790081 3616.929808 641.454408 2529.140520 479.738560 4088.636116 1008.748182 618.398174 4465.251436 4228.658964
ORN 3122.655712 2865.889494 1604.805364 1947.589644 554.806180 548.735870 1845.230948 581.483537 1442.951965 1327.103979 2356.742547 102.286772 4976.052267 5531.149988 639.402227 198.229078 2034.031981 200.859412 2889.491795 1461.782840 1854.575089 2599.447059 0.000000 2297.177849 2631.138057 5388.476719 5760.776778 786.103329 1485.492483 3033.797363 1311.937916 1866.849674 2217.476168 1775.926294 1433.229394 2154.215489 2253.124828
ORY 4542.147298 1257.491739 3083.249905 467.303546 2450.237558 2855.313649 485.961264 2749.926756 2730.336852 1760.173158 3517.477298 1584.363926 2896.235819 1985.382471 3731.461862 2286.300231 1088.022363 2930.929946 624.697158 2893.776097 1285.867923 11.093985 2297.177849 0.000000 1023.178944 4228.207668 2444.698587 3244.606259 4148.067937 596.913221 1683.569853 468.173875 4618.539669 1040.229890 600.033350 4995.162183 4758.563259
OTO 4879.911230 537.978698 4531.146451 1046.596780 3017.653441 3422.739830 1106.031443 3400.047914 2429.206926 2280.971498 3702.751719 1674.099219 2414.950767 897.273997 4254.462793 3463.632164 31.945435 3266.823289 1311.710122 3336.547332 564.916731 1057.242204 2631.138057 1023.178944 0.000000 893.311475 893.063003 4009.845794 2775.969632 1519.045183 2283.605299 1065.339063 3375.334140 382.820978 792.611213 5335.523692 2950.778707
PAN 7872.980325 467.181464 7091.860942 4159.402282 6431.901406 6006.759233 3219.307473 5825.273745 6324.986459 5971.586361 6262.528886 5248.432269 63.600353 21.668189 6678.900692 6281.563582 1005.663254 6084.018852 3304.677406 6659.187416 487.920896 4200.150715 5388.476719 4228.207668 893.311475 0.000000 194.394685 6434.180727 6241.284394 3084.651076 6124.958821 3114.332752 8144.386137 715.882066 2964.632387 8326.025041 6949.340182
PON 8245.295702 412.991464 7464.176320 1801.633103 6804.203579 6379.061406 1833.106314 6197.575918 6697.301836 6343.901738 6634.844263 5620.573534 182.806805 203.199749 7051.202865 6653.865755 800.063904 6456.321025 2583.681956 7031.502793 342.873588 2416.497899 5760.776778 2444.698587 893.063003 194.394685 0.000000 6806.482900 6613.599771 2315.380947 6497.274198 1728.134765 8516.701514 619.556389 1179.879239 8698.340418 7321.655559
PRO 4068.235774 4194.169696 3097.928971 3427.740182 588.959597 708.625037 3728.765095 104.160466 2643.414155 2969.156925 3408.419784 736.175421 6021.751837 6576.857893 6.875957 840.850518 3412.668409 887.685866 4234.314531 2687.096488 3476.230514 3546.790081 786.103329 3244.606259 4009.845794 6434.180727 6806.482900 0.000000 2861.521777 4378.676840 2968.999256 3423.972820 3026.119743 3373.099055 2720.348837 3548.290286 3184.807143
PTE 646.466392 4412.323921 411.265421 2462.879110 2021.959327 1801.489966 1925.293096 2258.802763 326.331106 475.038481 396.356000 1411.830444 5828.848839 6383.958400 3104.291073 2076.096987 3178.805997 2071.772773 3071.836460 69.406784 4666.814045 3616.929808 1485.492483 4148.067937 2775.969632 6241.284394 6613.599771 2861.521777 0.000000 3268.539878 484.714430 1895.212652 546.472646 2367.536413 1630.709383 568.502536 537.315248
RAT 4938.201323 1702.346029 3558.363383 279.748342 3013.959435 3419.029983 206.165118 3240.650200 2461.521611 2385.891972 3992.786927 2647.797897 5371.886508 4461.033878 3259.819651 4007.706914 1527.815381 3664.624351 5.207830 3376.816794 1552.170606 641.454408 3033.797363 596.913221 1519.045183 3084.651076 2315.380947 4378.676840 3268.539878 0.000000 2319.781988 283.917328 5014.801935 1599.159529 774.126205 5391.253433 5153.539120
SOR 731.252111 2237.948746 531.677313 1733.633175 1469.358296 1791.926010 1869.952294 1458.488922 452.875426 146.021038 533.754251 1290.394332 5712.523266 6267.632827 3211.773415 1896.016098 2685.292055 1891.698678 3157.761022 483.647631 2519.253030 2529.140520 1311.937916 1683.569853 2283.605299 6124.958821 6497.274198 2968.999256 484.714430 2319.781988 0.000000 2095.292921 735.142778 2132.692721 1457.147033 700.043147 632.173551
SPE 3614.120742 1201.751889 2428.662143 157.455361 2029.233327 2434.309133 187.031239 2286.271058 1815.693940 1675.409124 2863.271420 1576.973580 5401.281766 4490.694640 2305.115631 1858.675415 1075.541280 2505.025947 275.641386 1902.061916 1618.987983 479.738560 1866.849674 468.173875 1065.339063 3114.332752 1728.134765 3423.972820 1895.212652 283.917328 2095.292921 0.000000 3690.240353 1029.638264 651.550747 4067.146577 4434.418154
SUS 99.396539 6410.288335 608.511430 4007.722660 1819.336747 2141.829604 4781.665863 2316.158094 502.143888 711.861480 603.025832 2246.902785 7731.950582 8287.060143 3268.701083 2643.076008 3777.852337 2638.765071 4818.880934 536.401104 4965.543338 4088.636116 2217.476168 4618.539669 3375.334140 8144.386137 8516.701514 3026.119743 546.472646 5014.801935 735.142778 3690.240353 0.000000 4889.111366 3356.691490 98.481479 111.618567
TAR 4618.233692 371.423094 3203.454590 1042.818470 2627.074204 2201.935430 1135.092392 1970.159364 2824.100022 1773.168179 2377.815994 1739.901760 692.518376 696.573884 3617.772765 2758.747900 364.081031 2561.584938 1189.831927 2012.402649 411.385359 1008.748182 1775.926294 1040.229890 382.820978 715.882066 619.556389 3373.099055 2367.536413 1599.159529 2132.692721 1029.638264 4889.111366 0.000000 789.135789 5071.215030 3695.786159
TUP 3280.744955 982.910834 1965.054554 672.038594 2249.743439 1824.603591 665.807957 1483.128205 1622.663612 1471.821001 2398.025035 1375.839119 1248.498450 5297.927583 3206.156731 1641.945694 784.817724 2285.752514 750.902307 1666.038179 964.721161 618.398174 1433.229394 600.033350 792.611213 2964.632387 1179.879239 2720.348837 1630.709383 774.126205 1457.147033 651.550747 3356.691490 789.135789 0.000000 3733.753499 4094.581872
TUR 20.963434 6591.927152 668.675878 4384.171700 2879.515053 2513.831234 5158.143482 2435.191194 529.692625 694.474183 672.508701 2183.996369 7913.589486 8468.699047 3791.072070 2579.902392 5738.041889 2575.591455 5195.357278 590.579079 5147.110989 4465.251436 2154.215489 4995.162183 5335.523692 8326.025041 8698.340418 3548.290286 568.502536 5391.253433 700.043147 4067.146577 98.481479 5071.215030 3733.753499 0.000000 143.676112
VIC 141.273371 5215.256310 552.278094 4145.956687 2141.177412 1919.124782 4919.839161 2074.323977 475.777988 656.789215 566.047633 1530.918464 6536.904627 7092.014187 3427.590822 2679.588742 3353.288613 2675.273201 4957.511697 521.429021 3772.253940 4228.658964 2253.124828 4758.563259 2950.778707 6949.340182 7321.655559 3184.807143 537.315248 5153.539120 632.173551 4434.418154 111.618567 3695.786159 4094.581872 143.676112 0.000000
