37
BOS 0.000000 5550.874121 604.716114 4432.097065 2449.056131 2462.108156 5030.174938 2080.523547 534.962356 717.289024 612.066661 1990.737801 7926.423034 7931.348577 3390.094497 2385.726382 4392.715721 3238.865154 5742.161380 594.256940 5263.882431 4969.621788 2290.128231 4544.022869 4731.407491 8222.894464 7172.910524 2658.778686 596.165568 5746.826324 692.666085 4644.824200 93.623047 3988.656397 1754.989054 25.142396 140.850702
CAL 5550.874121 0.000000 5001.326541 1248.332372 4048.231575 3930.863774 1267.716921 3978.289560 4302.106711 4096.692517 4990.895585 3453.103235 474.706453 2077.274901 4410.737675 4289.018877 526.301069 3987.425741 2728.615457 4626.632191 207.244710 1481.549231 3598.720073 1460.833405 542.151937 569.295929 374.737992 4462.188804 4865.250916 1739.478659 4023.850216 1456.049604 5650.703239 384.843657 979.986562 5066.634981 4916.970830
CAN 604.716114 5001.326541 0.000000 3508.606498 2317.864623 2330.790676 3554.906590 1951.147570 313.344810 524.673568 14.761146 1869.198975 7376.818505 7381.744049 3476.862096 2352.468549 3194.080571 3205.652151 4315.115381 396.473773 4708.828412 3777.965425 1479.190424 3352.289837 3018.780660 7673.289935 6623.308035 2745.429748 416.609026 4319.780148 530.974886 2835.649368 587.297439 3079.562713 2435.260010 609.186181 563.604086
CAV 4432.097065 1248.332372 3508.606498 0.000000 2431.220838 2313.308682 166.797545 2076.338566 1916.438057 1733.556831 3498.260305 1638.734840 4459.935476 4464.860815 2256.162965 2090.121080 1066.688099 2079.532291 255.986679 2876.470114 1320.453883 477.644205 1588.034569 450.078341 1070.103453 4756.406962 2251.550725 3245.696349 3117.200112 258.721833 1861.269761 168.383097 3134.592541 1045.669652 643.162717 3947.694258 3068.093555
CHO 2449.056131 4048.231575 2317.864623 2431.220838 0.000000 5.129764 2660.157768 508.917337 1930.300128 1828.732029 2280.458039 527.261946 6843.781589 6848.707133 2094.587408 649.050850 2872.090296 602.919855 2500.530049 1954.597992 3458.362994 2019.019194 541.931772 2568.458848 2849.775264 7140.253020 6090.270393 646.477779 2286.962567 3833.483312 1788.983372 2404.340755 2149.080411 2548.414685 2185.240771 3639.633337 2159.979618
DAS 2462.108156 3930.863774 2330.790676 2313.308682 5.129764 0.000000 2542.406700 531.649164 1943.276404 1841.698992 2293.384093 554.939625 6726.413788 6731.339332 2127.538988 619.410896 2754.746678 677.674003 2382.952700 1967.582770 3341.000574 2737.552653 573.837529 3286.992308 2732.431646 7022.885219 5972.902592 679.354874 2299.996553 3715.820331 1801.955758 2286.802285 2162.119483 2431.024316 2067.847848 3652.696788 2173.035727
DIP 5030.174938 1267.716921 3554.906590 166.797545 2660.157768 2542.406700 0.000000 1993.486136 2632.413551 3475.228620 3544.586713 1994.831329 4377.670265 4382.595864 2221.756501 1966.503929 1080.592879 1955.914784 218.918954 4150.487162 1293.902307 494.815647 1849.934887 486.730722 1069.541305 4674.141751 2169.673995 3211.671182 3105.000449 217.938407 2911.366536 180.348676 3732.594945 1029.734590 643.561013 4545.766689 3665.818784
ECH 2080.523547 3978.289560 1951.147570 2076.338566 508.917337 531.649164 1993.486136 0.000000 2284.625103 1701.580205 1913.750744 571.863415 6773.974271 6778.899815 101.629555 795.327649 2858.575986 765.186007 2174.540455 2395.629530 2384.388396 2349.563089 614.888373 2898.982023 2836.311370 7070.445701 6020.463075 104.999873 2316.147923 3059.267346 1340.047180 1983.302357 1881.488245 2244.510706 1421.168285 3269.155320 2156.488210
EQU 534.962356 4302.106711 313.344810 1916.438057 1930.300128 1943.276404 2632.413551 2284.625103 0.000000 437.786949 306.412950 1416.516457 6677.791903 6682.717447 2949.616188 2003.155744 2040.479570 1734.020909 3343.195458 336.867464 4006.986534 3973.442357 1450.447956 3547.646613 2378.077637 6974.263334 5924.279393 2218.289261 355.516421 3347.930727 472.068059 2296.049082 509.743971 2781.928652 1536.470563 516.063355 467.628489
ERI 717.289024 4096.692517 524.673568 1733.556831 1828.732029 1841.698992 3475.228620 1701.580205 437.786949 0.000000 527.284802 1280.866204 6471.998505 6476.924049 2746.551073 1865.295542 2288.822303 1596.067551 2900.246091 456.036280 2938.998510 2618.179555 1298.048485 2192.482380 2115.697677 6768.469935 5718.487395 2015.330066 454.707005 2904.825675 153.567430 1756.518146 702.235435 1737.284430 1427.153250 706.950252 620.949757
FEL 612.066661 4990.895585 14.761146 3498.260305 2280.458039 2293.384093 3544.586713 1913.750744 306.412950 527.284802 0.000000 1831.785750 7366.387549 7371.313093 3439.467184 2315.069767 3183.610939 3168.253369 4304.775518 417.475627 4698.369898 3767.564308 1886.389366 3341.888720 3008.311028 7662.858980 6612.877079 2708.034837 421.062983 4309.440285 543.097374 2825.400765 565.982771 3069.104198 2425.020634 614.864288 550.681403
GAL 1990.737801 3453.103235 1869.198975 1638.734840 527.261946 554.939625 1994.831329 571.863415 1416.516457 1280.866204 1831.785750 0.000000 5652.737720 5657.662518 637.202573 197.655249 2906.525141 206.867929 2105.398296 1417.052346 1880.623321 1967.915709 98.498512 2517.113222 2884.550961 5949.208404 4899.245733 894.134440 1418.966144 2989.626425 1206.529394 1609.658941 2378.248886 1738.036311 1414.676644 2538.309843 1610.115250
GOR 7926.423034 474.706453 7376.818505 4459.935476 6843.781589 6726.413788 4377.670265 6773.974271 6677.791903 6471.998505 7366.387549 5652.737720 0.000000 60.626199 7206.435219 7084.955445 2364.251730 6783.362309 5723.585020 7002.151828 443.754673 4255.939338 6394.546608 4235.154129 2338.923745 67.356748 190.736273 7257.886347 7240.760958 4734.430524 6399.528679 4378.113628 8026.488524 725.155519 5202.426314 7442.183893 7292.725324
HOM 7931.348577 2077.274901 7381.744049 4464.860815 6848.707133 6731.339332 4382.595864 6778.899815 6682.717447 6476.924049 7371.313093 5657.662518 60.626199 0.000000 7211.360762 7089.880989 2418.259026 6788.287853 5728.510620 7007.077372 460.121991 4260.864705 6399.472152 4240.079496 2392.927841 18.315709 207.946762 7262.811891 7245.686501 4739.356124 6404.454223 4383.039171 8031.414068 2219.911845 5207.352066 7447.109437 7297.650867
LOX 3390.094497 4410.737675 3476.862096 2256.162965 2094.587408 2127.538988 2221.756501 101.629555 2949.616188 2746.551073 3439.467184 637.202573 7206.435219 7211.360762 0.000000 917.251907 3291.122931 887.107967 2948.593737 3061.288767 2809.404663 2529.593139 841.145683 3079.012073 3268.889184 7502.906649 6452.924022 6.809989 2981.723027 3833.219240 2750.350734 2211.594972 3757.791566 2669.170736 1897.678351 4579.157652 3466.928365
MAC 2385.726382 4289.018877 2352.468549 2090.121080 649.050850 619.410896 1966.503929 795.327649 2003.155744 1865.295542 2315.069767 197.655249 7084.955445 7089.880989 917.251907 0.000000 3020.097008 8.683912 2456.112442 2171.937023 4432.236492 2891.317882 188.176219 3440.736817 2997.899456 7381.426875 6331.444249 884.148488 2078.998696 3340.731031 1798.538200 1910.484297 2551.808081 3085.327763 2348.479414 2936.917510 2011.173400
MIC 4392.715721 526.301069 3194.080571 1066.688099 2872.090296 2754.746678 1080.592879 2858.575986 2040.479570 2288.822303 3183.610939 2906.525141 2364.251730 2418.259026 3291.122931 3020.097008 0.000000 2718.526923 2581.628705 2735.085131 576.988863 1141.690662 2866.022792 1167.598083 27.872965 1101.418982 754.327223 3342.590125 2975.077251 1592.463035 2345.052722 1081.504476 2549.201542 387.559916 815.430401 3908.447047 2540.369771
MON 3238.865154 3987.425741 3205.652151 2079.532291 602.919855 677.674003 1955.914784 765.186007 1734.020909 1596.067551 3168.253369 206.867929 6783.362309 6788.287853 887.107967 8.683912 2718.526923 0.000000 2445.523297 1902.764734 4130.688908 2590.311325 194.878801 3139.730259 2696.329372 7079.833739 6029.851113 854.004548 1809.825393 3330.141887 1529.306447 1899.895153 3404.867145 2783.852507 2046.966815 3790.056282 2864.273509
MUS 5742.161380 2728.615457 4315.115381 255.986679 2500.530049 2382.952700 218.918954 2174.540455 3343.195458 2900.246091 4304.775518 2105.398296 5723.585020 5728.510620 2948.593737 2456.112442 2581.628705 2445.523297 0.000000 4864.830397 2759.039181 618.897604 2090.896907 632.956877 2568.406977 6020.056506 3515.214115 3938.594590 3817.311988 5.003883 2775.427009 265.248760 4444.544035 2510.030880 750.617585 5257.730545 4377.788839
MYO 594.256940 4626.632191 396.473773 2876.470114 1954.597992 1967.582770 4150.487162 2395.629530 336.867464 456.036280 417.475627 1417.052346 7002.151828 7007.077372 3061.288767 2171.937023 2735.085131 1902.764734 4864.830397 0.000000 2475.360671 2822.322761 1664.715747 2396.645949 2561.098902 7298.623258 6248.639958 2329.961852 69.235771 4869.410931 477.533259 2873.667733 577.247748 2257.110347 2480.558186 580.879154 516.640084
NEW 5263.882431 207.244710 4708.828412 1320.453883 3458.362994 3341.000574 1293.902307 2384.388396 4006.986534 2938.998510 4698.369898 1880.623321 443.754673 460.121991 2809.404663 4432.236492 576.988863 4130.688908 2759.039181 2475.360671 0.000000 1535.561878 3741.466784 1514.810229 594.984429 479.555584 327.627733 3806.108887 2713.981728 1769.904030 2033.384755 1285.185512 5363.406797 395.400866 996.801563 4779.614203 4629.904736
OCH 4969.621788 1481.549231 3777.965425 477.644205 2019.019194 2737.552653 494.815647 2349.563089 3973.442357 2618.179555 3767.564308 1967.915709 4255.939338 4260.864705 2529.593139 2891.317882 1141.690662 2590.311325 618.897604 2822.322761 1535.561878 0.000000 2114.035908 9.707345 1147.986197 4552.410852 5517.033773 3519.160755 3059.451168 634.517323 2594.798588 461.938085 3672.570860 1121.932456 610.980062 4485.355429 3605.130412
ORN 2290.128231 3598.720073 1479.190424 1588.034569 541.931772 573.837529 1849.934887 614.888373 1450.447956 1298.048485 1886.389366 98.498512 6394.546608 6399.472152 841.145683 188.176219 2866.022792 194.878801 2090.896907 1664.715747 3741.466784 2114.035908 0.000000 2663.434622 2843.816287 6691.018038 5641.035412 656.209319 1572.028880 2975.209567 1207.318516 1587.391801 2752.100661 2394.491511 1384.499455 2841.612342 1859.963118
ORY 4544.022869 1460.833405 3352.289837 450.078341 2568.458848 3286.992308 486.730722 2898.982023 3547.646613 2192.482380 3341.888720 2517.113222 4235.154129 4240.079496 3079.012073 3440.736817 1167.598083 3139.730259 632.956877 2396.645949 1514.810229 9.707345 2663.434622 0.000000 1173.752959 4531.625643 5496.252011 4068.579689 2633.727051 648.611423 2169.150280 438.107719 3246.973756 982.466867 592.286841 4059.756510 3179.525672
OTO 4731.407491 542.151937 3018.780660 1070.103453 2849.775264 2732.431646 1069.541305 2836.311370 2378.077637 2115.697677 3008.311028 2884.550961 2338.923745 2392.927841 3268.889184 2997.899456 27.872965 2696.329372 2568.406977 2561.098902 594.984429 1147.986197 2843.816287 1173.752959 0.000000 1076.735992 737.470330 3320.356378 2800.179756 1579.250128 1842.096258 1079.366901 2883.455989 384.091891 819.892224 4247.138817 2874.626574
PAN 8222.894464 569.295929 7673.289935 4756.406962 7140.253020 7022.885219 4674.141751 7070.445701 6974.263334 6768.469935 7662.858980 5949.208404 67.356748 18.315709 7502.906649 7381.426875 1101.418982 7079.833739 6020.056506 7298.623258 479.555584 4552.410852 6691.018038 4531.625643 1076.735992 0.000000 206.168806 7554.357778 7537.232388 5030.902011 6696.000109 4674.585058 8322.959954 904.196169 5498.898423 7738.655323 7589.196754
PON 7172.910524 374.737992 6623.308035 2251.550725 6090.270393 5972.902592 2169.673995 6020.463075 5924.279393 5718.487395 6612.877079 4899.245733 190.736273 207.946762 6452.924022 6331.444249 754.327223 6029.851113 3515.214115 6248.639958 327.627733 5517.033773 5641.035412 5496.252011 737.470330 206.168806 0.000000 6504.375151 6487.249088 2526.061565 5646.017483 2169.941005 7272.976014 582.076294 1192.925289 6688.671383 6539.212814
PRO 2658.778686 4462.188804 2745.429748 3245.696349 646.477779 679.354874 3211.671182 104.999873 2218.289261 2015.330066 2708.034837 894.134440 7257.886347 7262.811891 6.809989 884.148488 3342.590125 854.004548 3938.594590 2329.961852 3806.108887 3519.160755 656.209319 4068.579689 3320.356378 7554.357778 6504.375151 0.000000 2250.395880 4823.220093 2019.038872 3201.573441 3026.366386 3665.869522 2887.366339 3847.841841 2735.612575
PTE 596.165568 4865.250916 416.609026 3117.200112 2286.962567 2299.996553 3105.000449 2316.147923 355.516421 454.707005 421.062983 1418.966144 7240.760958 7245.686501 2981.723027 2078.998696 2975.077251 1809.825393 3817.311988 69.235771 2713.981728 3059.451168 1572.028880 2633.727051 2800.179756 7537.232388 6487.249088 2250.395880 0.000000 3821.892570 469.293208 2115.527462 595.061572 2494.987440 1632.339941 555.086605 526.106909
RAT 5746.826324 1739.478659 4319.780148 258.721833 3833.483312 3715.820331 217.938407 3059.267346 3347.930727 2904.825675 4309.440285 2989.626425 4734.430524 4739.356124 3833.219240 3340.731031 1592.463035 3330.141887 5.003883 4869.410931 1769.904030 634.517323 2975.209567 648.611423 1579.250128 5030.902011 2526.061565 4823.220093 3821.892570 0.000000 2780.079239 281.951525 4449.208995 1520.899302 773.800845 5262.395510 4382.453804
SOR 692.666085 4023.850216 530.974886 1861.269761 1788.983372 1801.955758 2911.366536 1340.047180 472.068059 153.567430 543.097374 1206.529394 6399.528679 6404.454223 2750.350734 1798.538200 2345.052722 1529.306447 2775.427009 477.533259 2033.384755 2594.798588 1207.318516 2169.150280 1842.096258 6696.000109 5646.017483 2019.038872 469.293208 2780.079239 0.000000 2089.768435 698.219897 1819.533736 1463.096400 690.219358 631.870202
SPE 4644.824200 1456.049604 2835.649368 168.383097 2404.340755 2286.802285 180.348676 1983.302357 2296.049082 1756.518146 2825.400765 1609.658941 4378.113628 4383.039171 2211.594972 1910.484297 1081.504476 1899.895153 265.248760 2873.667733 1285.185512 461.938085 1587.391801 438.107719 1079.366901 4674.585058 2169.941005 3201.573441 2115.527462 281.951525 2089.768435 0.000000 3346.170939 1035.756273 648.550573 4160.462138 3281.189863
SUS 93.623047 5650.703239 587.297439 3134.592541 2149.080411 2162.119483 3732.594945 1881.488245 509.743971 702.235435 565.982771 2378.248886 8026.488524 8031.414068 3757.791566 2551.808081 2549.201542 3404.867145 4444.544035 577.247748 5363.406797 3672.570860 2752.100661 3246.973756 2883.455989 8322.959954 7272.976014 3026.366386 595.061572 4449.208995 698.219897 3346.170939 0.000000 4088.841530 2429.975612 99.878946 103.788135
TAR 3988.656397 384.843657 3079.562713 1045.669652 2548.414685 2431.024316 1029.734590 2244.510706 2781.928652 1737.284430 3069.104198 1738.036311 725.155519 2219.911845 2669.170736 3085.327763 387.559916 2783.852507 2510.030880 2257.110347 395.400866 1121.932456 2394.491511 982.466867 384.091891 904.196169 582.076294 3665.869522 2494.987440 1520.899302 1819.533736 1035.756273 4088.841530 0.000000 773.638457 3504.139852 2109.619228
TUP 1754.989054 979.986562 2435.260010 643.162717 2185.240771 2067.847848 643.561013 1421.168285 1536.470563 1427.153250 2425.020634 1414.676644 5202.426314 5207.352066 1897.678351 2348.479414 815.430401 2046.966815 750.617585 2480.558186 996.801563 610.980062 1384.499455 592.286841 819.892224 5498.898423 1192.925289 2887.366339 1632.339941 773.800845 1463.096400 648.550573 2429.975612 773.638457 0.000000 3239.461185 1733.293622
TUR 25.142396 5066.634981 609.186181 3947.694258 3639.633337 3652.696788 4545.766689 3269.155320 516.063355 706.950252 614.864288 2538.309843 7442.183893 7447.109437 4579.157652 2936.917510 3908.447047 3790.056282 5257.730545 580.879154 4779.614203 4485.355429 2841.612342 4059.756510 4247.138817 7738.655323 6688.671383 3847.841841 555.086605 5262.395510 690.219358 4160.462138 99.878946 3504.139852 3239.461185 0.000000 141.002695
VIC 140.850702 4916.970830 563.604086 3068.093555 2159.979618 2173.035727 3665.818784 2156.488210 467.628489 620.949757 550.681403 1610.115250 7292.725324 7297.650867 3466.928365 2011.173400 2540.369771 2864.273509 4377.788839 516.640084 4629.904736 3605.130412 1859.963118 3179.525672 2874.626574 7589.196754 6539.212814 2735.612575 526.106909 4382.453804 631.870202 3281.189863 103.788135 2109.619228 1733.293622 141.002695 0.000000
