37
BOS 0.000000 7055.442020 642.830547 5373.116985 4011.769540 4016.412764 5334.214865 3975.057928 529.272049 717.124005 640.727781 2047.676881 9040.320186 8651.784221 4909.494154 2816.498390 5959.000001 2836.606317 6332.025971 589.473771 6080.184770 5420.418021 2386.816636 5738.522142 5943.059913 8654.205606 8231.901662 4085.630395 578.291221 6344.379196 707.101067 5254.795660 97.811716 4431.997989 4582.636892 21.891866 138.801355
CAL 7055.442020 0.000000 4655.476849 1162.726331 3451.934874 3996.147515 1812.185019 2694.801031 5513.896624 2186.831622 4306.152634 2170.114350 519.661571 563.502109 3017.914681 2685.339421 507.865376 2624.413491 2679.593563 3459.628804 206.421779 1495.461768 2282.456089 1423.680341 522.768105 524.531765 434.729049 3558.097213 5552.541566 1676.248290 2155.012405 1415.452165 7277.641295 352.315167 920.544128 6662.714868 6354.223625
CAN 642.830547 4655.476849 0.000000 2461.841300 1975.768605 1980.420392 2471.039992 2293.140286 329.752615 520.181557 16.318890 2311.883928 6783.904277 6395.368312 3137.105019 2319.061311 5612.778693 2339.164825 4045.862288 408.568278 4930.082370 2888.396807 1797.307584 3110.714100 5596.518172 6397.789696 5975.485753 2313.242025 434.197711 4057.190307 534.950558 3472.955359 577.819206 5089.323147 2003.779823 626.188333 569.735830
CAV 5373.116985 1162.726331 2461.841300 0.000000 2611.489681 1844.739424 176.655694 2226.021872 2804.484374 2420.892602 3000.888136 1886.131046 2746.033413 4559.650199 2655.534100 2590.144838 1037.800194 2528.340931 271.600256 3966.361728 1263.430530 457.136884 1676.583130 453.092523 1265.048812 4562.072098 2638.174393 3195.645068 4081.928791 266.752008 2442.041423 160.723732 3619.649449 1063.902093 626.926584 4980.423956 5903.272501
CHO 4011.769540 3451.934874 1975.768605 2611.489681 0.000000 4.637768 2419.093700 518.098851 1975.511665 1786.581962 2012.971230 544.106681 5731.851212 5343.315272 669.090592 687.492983 2814.567389 697.370069 3122.620431 1930.378075 2173.063624 2276.926891 555.010028 2627.380733 3155.486684 5345.736656 4923.432702 625.490813 1933.147558 4115.135268 1782.035050 2534.522455 4002.233779 2386.399619 2248.638964 5332.017884 2776.661131
DAS 4016.412764 3996.147515 1980.420392 1844.739424 4.637768 0.000000 2419.598323 522.278521 1980.151920 1791.259094 2017.623017 547.098919 6275.027269 5886.491328 674.057219 684.579604 2666.363847 694.459094 3268.068940 1935.062347 2716.074652 2128.997217 555.976598 2479.593709 3007.346202 5888.912713 5466.608759 630.459839 1937.812926 4260.583778 1786.716989 1817.137418 4006.877003 2237.798101 1542.073125 5336.661108 2781.304355
DIP 5334.214865 1812.185019 2471.039992 176.655694 2419.093700 2419.598323 0.000000 2127.977036 3093.513200 2816.907329 3009.607968 2043.963838 2452.929607 4266.400762 2984.267993 2960.806194 1250.598848 2898.500354 194.462098 4023.748655 1903.331841 465.080081 1763.160983 470.700388 1216.833438 4268.822360 2344.977822 3524.449018 4138.768466 207.548556 2493.182089 182.541727 3580.969660 1102.733065 701.880429 4941.521837 5864.320733
ECH 3975.057928 2694.801031 2293.140286 2226.021872 518.098851 522.278521 2127.977036 0.000000 1502.833498 1333.411032 2332.103612 578.556148 6282.248726 5893.712785 113.410326 765.383126 2181.492408 640.339979 2260.063092 1562.332388 2800.390769 2059.601070 553.144904 1755.533395 2077.571055 5896.134170 5473.830216 110.400354 1731.034946 3252.262984 1331.165968 2159.986718 3965.686179 2582.292542 1523.627433 5295.333644 2740.075023
EQU 529.272049 5513.896624 329.752615 2804.484374 1975.511665 1980.151920 3093.513200 1502.833498 0.000000 453.517799 327.906017 1485.987355 7498.854795 7110.318830 3195.809533 2076.832659 4416.239548 2096.933942 2996.871536 316.816920 4537.690531 2477.713363 1523.010707 2699.970242 4400.408132 7112.740214 6690.436271 2371.945970 323.008360 3009.882065 430.040915 2781.789531 504.071779 4088.075245 1634.331167 537.422145 469.925980
ERI 717.124005 2186.831622 520.181557 2420.892602 1786.581962 1791.259094 2816.907329 1333.411032 453.517799 0.000000 513.232448 1290.958149 6488.512484 6099.976572 2867.269901 1886.841863 4457.070018 1906.942369 2804.435601 451.509796 5302.997570 2200.621577 1359.426532 1878.417911 4440.948474 6102.397956 5680.093992 2043.432463 460.525740 2817.468617 136.960072 2119.676721 748.571384 1813.595712 1478.745217 730.788417 712.483727
FEL 640.727781 4306.152634 16.318890 3000.888136 2012.971230 2017.623017 3009.607968 2332.103612 327.906017 513.232448 0.000000 1488.888317 6434.892334 6046.356369 3176.144271 2358.297050 5262.169863 2378.399557 4588.828758 403.868016 4581.111332 3431.853762 1835.674329 3654.294925 5246.063988 6048.777753 5626.473810 2352.281278 426.865042 4600.156777 541.647096 4019.572087 568.446709 4737.633950 1674.228636 629.428916 573.991509
GAL 2047.676881 2170.114350 2311.883928 1886.131046 544.106681 547.098919 2043.963838 578.556148 1485.987355 1290.958149 1488.888317 0.000000 5767.191842 5378.655902 660.917950 194.988228 2200.673260 203.557387 2142.273647 1640.842562 2135.926862 1891.584931 88.623659 1938.754121 2097.057249 5381.077286 4958.773332 650.258076 1454.830423 3134.528342 1316.192309 1691.261717 4025.846921 1768.247945 1397.407151 1666.665756 2800.538956
GOR 9040.320186 519.661571 6783.904277 2746.033413 5731.851212 6275.027269 2452.929607 6282.248726 7498.854795 6488.512484 6434.892334 5767.191842 0.000000 65.058139 6606.187764 6405.618117 910.649931 6345.325764 3908.775040 7588.406054 437.819653 1891.382193 6097.648099 1819.516989 811.460009 61.022383 174.363199 7146.377064 7533.016135 2953.797301 6261.817808 2453.387854 9262.493709 717.809093 1175.457337 8647.593035 8339.332111
HOM 8651.784221 563.502109 6395.368312 4559.650199 5343.315272 5886.491328 4266.400762 5893.712785 7110.318830 6099.976572 6046.356369 5378.655902 65.058139 0.000000 6217.651823 6017.082176 921.157502 5956.789823 5722.329884 7199.870113 469.375034 4538.532388 5709.111944 4466.602706 972.006361 20.342903 204.764794 6757.841123 7144.480194 4767.352145 5873.281868 4266.923032 8873.957744 747.424374 4212.985180 8259.057069 7950.796145
LOX 4909.494154 3017.914681 3137.105019 2655.534100 669.090592 674.057219 2984.267993 113.410326 3195.809533 2867.269901 3176.144271 660.917950 6606.187764 6217.651823 0.000000 808.913014 3315.640025 835.148433 3114.674735 3212.095075 3123.420541 2845.219816 657.755995 2539.320017 3210.775802 6220.073208 5797.769254 5.940438 3384.136393 4106.871636 2840.691157 2757.303809 4900.160182 2907.889661 2320.962796 6229.749830 3674.598023
MAC 2816.498390 2685.339421 2319.061311 2590.144838 687.492983 684.579604 2960.806194 765.383126 2076.832659 1886.841863 2358.297050 194.988228 6405.618117 6017.082176 808.913014 0.000000 2908.822643 8.546276 2927.420818 2243.486512 3363.625977 1953.295865 190.736763 2000.830861 2805.130602 6019.503561 5597.199607 822.682068 2023.228377 3919.772528 1891.360293 2493.142891 4431.490746 2632.178278 2253.807500 3703.405066 3205.900974
MIC 5959.000001 507.865376 5612.778693 1037.800194 2814.567389 2666.363847 1250.598848 2181.492408 4416.239548 4457.070018 5262.169863 2200.673260 910.649931 921.157502 3315.640025 2908.822643 0.000000 2847.600953 2680.773292 3132.040465 562.819893 1102.397026 2171.797687 1420.661274 27.184151 920.121317 833.997983 3855.835856 4454.666278 1676.702234 2381.620344 1124.594375 6181.237114 363.860362 817.743303 5566.272850 5257.882836
MON 2836.606317 2624.413491 2339.164825 2528.340931 697.370069 694.459094 2898.500354 640.339979 2096.933942 1906.942369 2378.399557 203.557387 6345.325764 5956.789823 835.148433 8.546276 2847.600953 0.000000 2864.587470 2263.589922 3303.378569 2679.036695 194.679765 2726.571692 2743.945610 5959.211208 5536.907254 848.869182 2043.332749 3856.939181 1911.459396 2431.562082 4451.598674 1826.205922 2192.490043 3723.512994 3226.008901
MUS 6332.025971 2679.593563 4045.862288 271.600256 3122.620431 3268.068940 194.462098 2260.063092 2996.871536 2804.435601 4588.828758 2142.273647 3908.775040 5722.329884 3114.674735 2927.420818 2680.773292 2864.587470 0.000000 4170.869484 3039.123102 628.288651 2304.361787 570.257172 2646.883705 5724.751529 3800.853750 3654.849497 4284.112696 4.912512 2811.738404 266.915850 4578.501395 2580.184792 776.294410 5939.332943 6862.161295
MYO 589.473771 3459.628804 408.568278 3966.361728 1930.378075 1935.062347 4023.748655 1562.332388 316.816920 451.509796 403.868016 1640.842562 7588.406054 7199.870113 3212.095075 2243.486512 3132.040465 2263.589922 4170.869484 0.000000 3249.836855 2602.508937 1518.276573 2275.218028 3116.167174 7202.291498 6779.987533 2388.231512 62.122214 4183.241590 454.226576 2300.579802 574.046024 1960.603761 1615.589658 615.658466 545.745236
NEW 6080.184770 206.421779 4930.082370 1263.430530 2173.063624 2716.074652 1903.331841 2800.390769 4537.690531 5302.997570 4581.111332 2135.926862 437.819653 469.375034 3123.420541 3363.625977 562.819893 3303.378569 3039.123102 3249.836855 0.000000 1541.429642 2463.643606 1469.736949 574.035778 462.062613 344.737255 3663.611972 4575.995359 1584.590693 4404.259171 1690.406868 6302.324732 388.718228 999.740195 5687.457618 5379.036553
OCH 5420.418021 1495.461768 2888.396807 457.136884 2276.926891 2128.997217 465.080081 2059.601070 2477.713363 2200.621577 3431.853762 1891.584931 1891.382193 4538.532388 2845.219816 1953.295865 1102.397026 2679.036695 628.288651 2602.508937 1541.429642 0.000000 1836.184817 14.813098 1106.677505 4541.242444 2616.759534 3385.341815 2344.897866 560.584799 2234.108586 437.894235 3666.270835 1459.431916 612.299925 5027.714441 5949.798256
ORN 2386.816636 2282.456089 1797.307584 1676.583130 555.010028 555.976598 1763.160983 553.144904 1523.010707 1359.426532 1835.674329 88.623659 6097.648099 5709.111944 657.755995 190.736763 2171.797687 194.679765 2304.361787 1518.276573 2463.643606 1836.184817 0.000000 1882.960596 2068.166707 5711.533328 5289.229596 649.633279 1810.057981 3296.511391 1337.561884 1934.220494 4001.262674 1782.521374 1396.338837 3273.811594 2775.589336
ORY 5738.522142 1423.680341 3110.714100 453.092523 2627.380733 2479.593709 470.700388 1755.533395 2699.970242 1878.417911 3654.294925 1938.754121 1819.516989 4466.602706 2539.320017 2000.830861 1420.661274 2726.571692 570.257172 2275.218028 1469.736949 14.813098 1882.960596 0.000000 1424.890174 4469.312761 2544.827208 3079.438946 2019.389837 610.237687 1911.455979 443.677724 3984.262341 1032.436685 607.899787 5345.818562 6268.020709
OTO 5943.059913 522.768105 5596.518172 1265.048812 3155.486684 3007.346202 1216.833438 2077.571055 4400.408132 4440.948474 5246.063988 2097.057249 811.460009 972.006361 3210.775802 2805.130602 27.184151 2743.945610 2646.883705 3116.167174 574.035778 1106.677505 2068.166707 1424.890174 0.000000 970.973347 780.633569 3750.971633 4438.793060 1642.731699 2365.065601 1068.135038 6165.245911 369.220563 809.279831 5550.332761 5241.942747
PAN 8654.205606 524.531765 6397.789696 4562.072098 5345.736656 5888.912713 4268.822360 5896.134170 7112.740214 6102.397956 6048.777753 5381.077286 61.022383 20.342903 6220.073208 6019.503561 920.121317 5959.211208 5724.751529 7202.291498 462.062613 4541.242444 5711.533328 4469.312761 970.973347 0.000000 198.347234 6760.262508 7146.901579 4769.773790 5875.703253 4269.344254 8876.379128 697.917596 4215.693289 8261.478454 7953.217530
PON 8231.901662 434.729049 5975.485753 2638.174393 4923.432702 5466.608759 2344.977822 5473.830216 6690.436271 5680.093992 5626.473810 4958.773332 174.363199 204.764794 5797.769254 5597.199607 833.997983 5536.907254 3800.853750 6779.987533 344.737255 2616.759534 5289.229596 2544.827208 780.633569 198.347234 0.000000 6337.958554 6724.597614 2845.876011 5453.399288 2345.519816 8454.075185 592.132392 1160.517733 7839.174510 7530.913586
PRO 4085.630395 3558.097213 2313.242025 3195.645068 625.490813 630.459839 3524.449018 110.400354 2371.945970 2043.432463 2352.281278 650.258076 7146.377064 6757.841123 5.940438 822.682068 3855.835856 848.869182 3654.849497 2388.231512 3663.611972 3385.341815 649.633279 3079.438946 3750.971633 6760.262508 6337.958554 0.000000 2560.273195 4647.046398 2016.836266 3297.481292 4076.296422 3448.077922 2860.992393 5405.886070 2850.734263
PTE 578.291221 5552.541566 434.197711 4081.928791 1933.147558 1937.812926 4138.768466 1731.034946 323.008360 460.525740 426.865042 1454.830423 7533.016135 7144.480194 3384.136393 2023.228377 4454.666278 2043.332749 4284.112696 62.122214 4575.995359 2344.897866 1810.057981 2019.389837 4438.793060 7146.901579 6724.597614 2560.273195 0.000000 4296.484802 459.091189 2413.155388 598.787441 4123.401984 1615.720275 624.975927 531.344878
RAT 6344.379196 1676.248290 4057.190307 266.752008 4115.135268 4260.583778 207.548556 3252.262984 3009.882065 2817.468617 4600.156777 3134.528342 2953.797301 4767.352145 4106.871636 3919.772528 1676.702234 3856.939181 4.912512 4183.241590 1584.590693 560.584799 3296.511391 610.237687 1642.731699 4769.773790 2845.876011 4647.046398 4296.484802 0.000000 2824.767813 278.234654 4590.854620 1576.318051 1214.033563 5951.686168 6874.514520
SOR 707.101067 2155.012405 534.950558 2442.041423 1782.035050 1786.716989 2493.182089 1331.165968 430.040915 136.960072 541.647096 1316.192309 6261.817808 5873.281868 2840.691157 1891.360293 2381.620344 1911.459396 2811.738404 454.226576 4404.259171 2234.108586 1337.561884 1911.455979 2365.065601 5875.703253 5453.399288 2016.836266 459.091189 2824.767813 0.000000 1764.916715 742.106728 2263.860824 1461.032809 722.439632 691.949173
SPE 5254.795660 1415.452165 3472.955359 160.723732 2534.522455 1817.137418 182.541727 2159.986718 2781.789531 2119.676721 4019.572087 1691.261717 2453.387854 4266.923032 2757.303809 2493.142891 1124.594375 2431.562082 266.915850 2300.579802 1690.406868 437.894235 1934.220494 443.677724 1068.135038 4269.344254 2345.519816 3297.481292 2413.155388 278.234654 1764.916715 0.000000 3501.548263 1078.677342 633.309613 4862.102632 5784.798914
SUS 97.811716 7277.641295 577.819206 3619.649449 4002.233779 4006.877003 3580.969660 3965.686179 504.071779 748.571384 568.446709 4025.846921 9262.493709 8873.957744 4900.160182 4431.490746 6181.237114 4451.598674 4578.501395 574.046024 6302.324732 3666.270835 4001.262674 3984.262341 6165.245911 8876.379128 8454.075185 4076.296422 598.787441 4590.854620 742.106728 3501.548263 0.000000 4654.163522 2831.518733 91.647994 116.582542
TAR 4431.997989 352.315167 5089.323147 1063.902093 2386.399619 2237.798101 1102.733065 2582.292542 4088.075245 1813.595712 4737.633950 1768.247945 717.809093 747.424374 2907.889661 2632.178278 363.860362 1826.205922 2580.184792 1960.603761 388.718228 1459.431916 1782.521374 1032.436685 369.220563 697.917596 592.132392 3448.077922 4123.401984 1576.318051 2263.860824 1078.677342 4654.163522 0.000000 804.070064 4039.296961 3731.089764
TUP 4582.636892 920.544128 2003.779823 626.926584 2248.638964 1542.073125 701.880429 1523.627433 1634.331167 1478.745217 1674.228636 1397.407151 1175.457337 4212.985180 2320.962796 2253.807500 817.743303 2192.490043 776.294410 1615.589658 999.740195 612.299925 1396.338837 607.899787 809.279831 4215.693289 1160.517733 2860.992393 1615.720275 1214.033563 1461.032809 633.309613 2831.518733 804.070064 0.000000 4189.909736 5111.717784
TUR 21.891866 6662.714868 626.188333 4980.423956 5332.017884 5336.661108 4941.521837 5295.333644 537.422145 730.788417 629.428916 1666.665756 8647.593035 8259.057069 6229.749830 3703.405066 5566.272850 3723.512994 5939.332943 615.658466 5687.457618 5027.714441 3273.811594 5345.818562 5550.332761 8261.478454 7839.174510 5405.886070 624.975927 5951.686168 722.439632 4862.102632 91.647994 4039.296961 4189.909736 0.000000 140.030302
VIC 138.801355 6354.223625 569.735830 5903.272501 2776.661131 2781.304355 5864.320733 2740.075023 469.925980 712.483727 573.991509 2800.538956 8339.332111 7950.796145 3674.598023 3205.900974 5257.882836 3226.008901 6862.161295 545.745236 5379.036553 5949.798256 2775.589336 6268.020709 5241.942747 7953.217530 7530.913586 2850.734263 531.344878 6874.514520 691.949173 5784.798914 116.582542 3731.089764 5111.717784 140.030302 0.000000
