11
0 0.000000 43.424832 41.722614 35.771140 38.130186 39.194149 45.511848 42.755695 42.618811 42.708549 41.888090
1 43.424832 0.000000 52.150957 47.734491 46.385364 47.146517 50.268469 49.838274 24.396323 20.604210 48.302326
10 41.722614 52.150957 0.000000 50.069822 43.334430 49.418607 19.170003 32.312552 51.531921 50.811915 36.984779
2 35.771140 47.734491 50.069822 0.000000 34.914407 31.464325 43.661391 42.057966 45.071002 43.015981 40.795330
3 38.130186 46.385364 43.334430 34.914407 0.000000 23.816904 42.969487 47.234101 46.612619 46.161769 49.101717
4 39.194149 47.146517 49.418607 31.464325 23.816904 0.000000 48.856965 43.939663 44.816787 47.042133 44.902781
5 45.511848 50.268469 19.170003 43.661391 42.969487 48.856965 0.000000 34.315023 54.537568 52.563952 35.155347
6 42.755695 49.838274 32.312552 42.057966 47.234101 43.939663 34.315023 0.000000 48.941827 51.478937 26.859586
7 42.618811 24.396323 51.531921 45.071002 46.612619 44.816787 54.537568 48.941827 0.000000 24.772473 43.289350
8 42.708549 20.604210 50.811915 43.015981 46.161769 47.042133 52.563952 51.478937 24.772473 0.000000 50.386968
9 41.888090 48.302326 36.984779 40.795330 49.101717 44.902781 35.155347 26.859586 43.289350 50.386968 0.000000
