37
BOS 0.000000 7769.096001 677.234935 5729.513978 4785.713055 4039.258636 5578.333643 3919.272633 549.734858 749.360631 669.915256 3260.198079 10307.553763 10505.097207 4198.552081 4945.753637 5275.334133 3973.794338 5958.637016 609.729936 9260.967689 5171.208947 3697.838852 5184.119511 5283.136144 10504.750787 7469.934918 4200.201222 601.169341 5973.124414 728.969076 5306.476746 93.818205 4713.937212 4350.270912 22.539754 135.328005
CAL 7769.096001 0.000000 4965.666331 1279.782022 4732.762686 4984.011446 1308.655451 4560.250068 5193.999100 2380.902346 4918.698219 4915.828588 451.035038 491.513866 4333.031729 4842.313379 520.752654 5234.718967 1789.299252 4689.358917 215.077605 1513.627786 4116.668430 1514.873429 519.992342 493.981990 374.335068 4573.351488 5068.661465 1613.011850 2137.448906 1309.672814 7303.152311 402.408460 930.549014 7772.080915 5338.519596
CAN 677.234935 4965.666331 0.000000 2979.880874 2783.072692 2036.493234 2877.791813 1676.428258 323.817914 522.395790 19.311089 1808.485764 7504.341063 7701.884508 2154.253479 3013.530824 4374.011822 2041.413440 4776.676952 413.719034 6457.341097 2708.942944 1510.503642 2721.789369 4381.966968 7701.538088 4763.265179 2155.875277 397.791066 4791.164350 527.790531 4124.528504 774.371922 4598.223547 1739.072011 599.692273 581.478708
CAV 5729.513978 1279.782022 2979.880874 0.000000 1915.546947 2903.969999 170.415299 2488.442011 3658.532052 3282.088475 3057.728277 2120.269944 4237.138613 4434.682057 2951.921737 2621.394823 1074.744663 3013.804663 254.165648 3499.429018 1296.590390 461.214411 2096.840160 441.819804 1072.600817 4434.335637 4872.544476 2252.416227 3031.589006 261.005260 1793.551630 156.782001 5264.008906 1060.576052 612.236988 5732.498891 5556.417155
CHO 4785.713055 4732.762686 2783.072692 1915.546947 0.000000 4.357117 2640.352983 629.795662 2723.231194 2563.427107 2760.636939 595.584144 7465.428504 7662.971949 725.583860 679.881276 2734.128673 616.388160 2905.960057 2703.494716 4259.838761 2232.627543 549.521895 2080.456170 2741.869501 7662.625529 6733.747936 697.131833 2702.499663 2920.442110 2553.444577 2067.765490 3969.061513 2506.178681 1401.020673 4788.697969 3828.820186
DAS 4039.258636 4984.011446 2036.493234 2903.969999 4.357117 0.000000 3628.898177 626.381255 1976.812250 1816.869393 2014.097818 534.470038 7716.709562 7914.253007 722.173890 620.654526 2985.354984 710.608488 3894.358721 1957.039009 4511.121216 3220.925934 547.944251 3068.759111 2993.133500 7913.906587 6985.122536 693.718521 1956.086340 3908.840774 1806.980146 3056.229226 3222.607094 1737.944583 1409.029619 4042.243550 3082.365767
DIP 5578.333643 1308.655451 2877.791813 170.415299 2640.352983 3628.898177 0.000000 2391.895344 3507.228211 3684.269550 2955.338409 2210.857940 4240.774186 4438.317631 2854.083930 3164.787275 1071.788694 3557.197116 204.134658 3397.096544 1722.902673 520.667557 1732.473137 490.479879 1173.620248 4437.971211 4683.686276 2154.886686 2929.447725 194.020151 3758.957319 172.885351 5112.828571 1089.456938 641.652623 5581.318556 5405.232837
ECH 3919.272633 4560.250068 1676.428258 2488.442011 629.795662 626.381255 2391.895344 0.000000 1589.185552 1332.744102 1716.397906 579.104364 7340.959612 7538.503057 107.160278 761.051434 2874.111345 649.782285 2694.917684 2027.498937 3013.363024 1964.872143 596.587217 2254.924195 2881.852173 7538.156637 6609.279044 97.704063 2040.748161 2709.399737 1463.222161 1814.257114 3102.622662 2091.753215 2346.839230 3922.257546 2962.279446
EQU 549.734858 5193.999100 323.817914 3658.532052 2723.231194 1976.812250 3507.228211 1589.185552 0.000000 444.216612 321.973459 1459.249170 7732.277560 7929.821005 2072.805979 1684.647930 3798.079985 2073.830689 3886.726093 324.246134 6685.684026 2812.895594 1482.664055 2825.887633 3806.185810 7929.474585 4990.387314 2074.446744 329.238636 3901.213491 442.420423 3234.572845 516.084495 3231.871189 1713.084616 505.788713 476.114810
ERI 749.360631 2380.902346 522.395790 3282.088475 2563.427107 1816.869393 3684.269550 1332.744102 444.216612 0.000000 518.659052 1315.226952 7880.945555 8078.489000 1901.858876 1507.800872 3271.916384 1897.180557 2805.624224 451.934385 6833.957072 2186.865912 1291.564588 2199.843163 3280.013216 8078.142580 4563.644203 1903.523290 458.444569 2820.118684 152.181681 3052.310081 713.644813 1917.805048 1535.448065 731.182867 659.102261
FEL 669.915256 4918.698219 19.311089 3057.728277 2760.636939 2014.097818 2955.338409 1716.397906 321.973459 518.659052 0.000000 1476.103173 7457.309466 7654.852910 2194.871556 2985.544332 4325.647022 2013.429106 4950.151400 400.644820 6410.312990 2408.174928 1646.650381 2421.019761 4333.602167 7654.506490 4716.179429 2196.493357 406.028870 4964.638798 521.060046 4297.985854 615.333021 4547.119177 2567.547654 743.069138 573.822276
GAL 3260.198079 4915.828588 1808.485764 2120.269944 595.584144 534.470038 2210.857940 579.104364 1459.249170 1315.226952 1476.103173 0.000000 5483.353763 5680.897208 643.059110 200.325211 2110.767352 192.635396 2888.133897 1437.893171 2694.149859 1948.150202 97.194389 1796.087261 2118.176347 5680.550788 4752.024674 826.965480 1603.332627 2902.609210 1322.840545 1609.952178 2439.699049 1734.481205 1352.811860 3263.159798 2846.841287
GOR 10307.553763 451.035038 7504.341063 4237.138613 7465.428504 7716.709562 4240.774186 7340.959612 7732.277560 7880.945555 7457.309466 5483.353763 0.000000 62.032728 7065.428396 7624.041968 3722.281721 8016.447557 4215.067592 7227.913707 402.353483 4356.366692 6898.371765 4357.707995 3719.361759 63.313736 178.972663 7305.748155 7607.229723 4595.184610 7009.543415 4484.855100 9841.610072 692.539952 3851.947058 10310.538676 7877.145529
HOM 10505.097207 491.513866 7701.884508 4434.682057 7662.971949 7914.253007 4438.317631 7538.503057 7929.821005 8078.489000 7654.852910 5680.897208 62.032728 0.000000 7262.971840 7821.585413 2360.375628 8213.991002 4412.611037 7425.457152 427.024319 4553.910136 7095.915210 4555.251439 2357.458006 21.036808 205.567924 7503.291599 7804.773168 4792.728055 7207.086859 4682.398545 10039.153517 727.559050 4049.490503 10508.082121 8074.688974
LOX 4198.552081 4333.031729 2154.253479 2951.921737 725.583860 722.173890 2854.083930 107.160278 2072.805979 1901.858876 2194.871556 643.059110 7065.428396 7262.971840 0.000000 868.889313 3032.060195 908.044575 3671.634132 2307.217609 4448.661253 2229.558974 689.777816 2519.618809 3039.801022 7262.625420 6333.747827 7.964511 2320.613548 3686.116184 1865.257464 2977.385983 3381.928787 3527.480566 2046.257408 4201.536994 3241.621016
MAC 4945.753637 4842.313379 3013.530824 2621.394823 679.881276 620.654526 3164.787275 761.051434 1684.647930 1507.800872 2985.544332 200.325211 7624.041968 7821.585413 868.889313 0.000000 3658.971240 8.101461 3696.684843 3011.175325 3493.956357 2797.011225 190.906203 2644.030522 3666.712068 7821.238993 6892.361400 800.689554 2976.323714 3711.166895 1534.513881 3142.076009 4129.091083 3304.820666 2319.252202 4948.738550 3988.141776
MIC 5275.334133 520.752654 4374.011822 1074.744663 2734.128673 2985.354984 1071.788694 2874.111345 3798.079985 3271.916384 4325.647022 2110.767352 3722.281721 2360.375628 3032.060195 3658.971240 0.000000 4051.395043 1629.493665 5246.401196 574.688087 1022.361982 3519.095022 1024.421032 28.000615 2360.027260 748.185159 3272.379958 5626.420988 1202.339401 3333.192482 1086.520745 4809.439782 348.256836 783.180093 5278.319046 5111.954242
MON 3973.794338 5234.718967 2041.413440 3013.804663 616.388160 710.608488 3557.197116 649.782285 2073.830689 1897.180557 2013.429106 192.635396 8016.447557 8213.991002 908.044575 8.101461 4051.395043 0.000000 4089.094683 2039.028610 3886.361945 3189.393213 183.965844 3036.412510 4059.135870 8213.644582 7284.766989 839.844817 2004.176999 4103.576736 1923.873705 3534.485850 3157.131784 3697.251331 2711.712075 3976.779251 3016.182477
MUS 5958.637016 1789.299252 4776.676952 254.165648 2905.960057 3894.358721 204.134658 2694.917684 3886.726093 2805.624224 4950.151400 2888.133897 4215.067592 4412.611037 3671.634132 3696.684843 1629.493665 4089.094683 0.000000 5008.975825 1721.949170 641.924277 2857.963129 673.142216 1522.462320 4412.264617 5600.109696 2972.350688 4541.302757 6.221709 2883.693532 269.971050 5493.217813 1292.862544 759.371403 5961.621930 5785.119018
MYO 609.729936 4689.358917 413.719034 3499.429018 2703.494716 1957.039009 3397.096544 2027.498937 324.246134 451.934385 400.644820 1437.893171 7227.913707 7425.457152 2307.217609 3011.175325 5246.401196 2039.028610 5008.975825 0.000000 6180.918833 3136.155339 1665.484413 3149.143748 5254.790776 7425.110732 4486.891271 2308.850761 66.046907 5023.466042 466.226092 4356.810674 564.790322 4341.182261 2479.099451 612.654956 553.000873
NEW 9260.967689 215.077605 6457.341097 1296.590390 4259.838761 4511.121216 1722.902673 3013.363024 6685.684026 6833.957072 6410.312990 2694.149859 402.353483 427.024319 4448.661253 3493.956357 574.688087 3886.361945 1721.949170 6180.918833 0.000000 1529.023336 2768.376940 1530.305826 567.367195 438.216122 322.509017 4688.981012 6560.238326 1544.955990 5962.558414 1474.204924 8795.023999 403.679664 1008.770646 9263.952602 6830.559455
OCH 5171.208947 1513.627786 2708.942944 461.214411 2232.627543 3220.925934 520.667557 1964.872143 2812.895594 2186.865912 2408.174928 1948.150202 4356.366692 4553.910136 2229.558974 2797.011225 1022.361982 3189.393213 641.924277 3136.155339 1529.023336 0.000000 2037.147504 12.231995 1003.124224 4553.563716 4943.014005 2469.910627 2667.195656 647.623323 2176.225363 457.439013 4705.703092 1316.395248 622.005111 5174.193860 4998.140767
ORN 3697.838852 4116.668430 1510.503642 2096.840160 549.521895 547.944251 1732.473137 596.587217 1482.664055 1291.564588 1646.650381 97.194389 6898.371765 7095.915210 689.777816 190.906203 3519.095022 183.965844 2857.963129 1665.484413 2768.376940 2037.147504 0.000000 1884.436790 3526.850558 7095.568790 6166.691048 769.210245 1630.581032 2872.421376 1356.771973 2412.426438 2881.166073 3165.344597 1467.811688 3700.824087 2740.362695
ORY 5184.119511 1514.873429 2721.789369 441.819804 2080.456170 3068.759111 490.479879 2254.924195 2825.887633 2199.843163 2421.019761 1796.087261 4357.707995 4555.251439 2519.618809 2644.030522 1024.421032 3036.412510 673.142216 3149.143748 1530.305826 12.231995 1884.436790 0.000000 1004.289234 4554.905019 4944.349430 2759.970462 2680.184065 576.552566 2189.288465 453.432681 4718.613657 1317.696633 603.459303 5187.104425 5011.051331
OTO 5283.136144 519.992342 4381.966968 1072.600817 2741.869501 2993.133500 1173.620248 2881.852173 3806.185810 3280.013216 4333.602167 2118.176347 3719.361759 2357.458006 3039.801022 3666.712068 28.000615 4059.135870 1522.462320 5254.790776 567.367195 1003.124224 3526.850558 1004.289234 0.000000 2357.111586 736.815129 3280.120786 5634.810568 1349.795980 3341.289330 1078.255762 4817.241793 359.917253 792.922913 5286.121057 5119.756253
PAN 10504.750787 493.981990 7701.538088 4434.335637 7662.625529 7913.906587 4437.971211 7538.156637 7929.474585 8078.142580 7654.506490 5680.550788 63.313736 21.036808 7262.625420 7821.238993 2360.027260 8213.644582 4412.264617 7425.110732 438.216122 4553.563716 7095.568790 4554.905019 2357.111586 0.000000 191.200413 7502.945179 7804.426748 4792.381635 7206.740439 4682.052125 10038.807097 717.182421 4049.144083 10507.735701 8074.342553
PON 7469.934918 374.335068 4763.265179 4872.544476 6733.747936 6985.122536 4683.686276 6609.279044 4990.387314 4563.644203 4716.179429 4752.024674 178.972663 205.567924 6333.747827 6892.361400 748.185159 7284.766989 5600.109696 4486.891271 322.509017 4943.014005 6166.691048 4944.349430 736.815129 191.200413 0.000000 6574.067586 4866.189018 4989.569547 6329.166442 4384.248032 7003.991228 622.481654 4597.122489 7472.919832 5135.352923
PRO 4200.201222 4573.351488 2155.875277 2252.416227 697.131833 693.718521 2154.886686 97.704063 2074.446744 1903.523290 2196.493357 826.965480 7305.748155 7503.291599 7.964511 800.689554 3272.379958 839.844817 2972.350688 2308.850761 4688.981012 2469.910627 769.210245 2759.970462 3280.120786 7502.945179 6574.067586 0.000000 2322.246699 2986.832741 1866.919152 2277.182411 3383.577929 3767.800329 2286.595602 4203.186135 3243.270157
PTE 601.169341 5068.661465 397.791066 3031.589006 2702.499663 1956.086340 2929.447725 2040.748161 329.238636 458.444569 406.028870 1603.332627 7607.229723 7804.773168 2320.613548 2976.323714 5626.420988 2004.176999 4541.302757 66.046907 6560.238326 2667.195656 1630.581032 2680.184065 5634.810568 7804.426748 4866.189018 2322.246699 0.000000 4555.792974 464.871622 3889.166230 548.361743 4721.507720 2011.012754 605.937254 534.150468
RAT 5973.124414 1613.011850 4791.164350 261.005260 2920.442110 3908.840774 194.020151 2709.399737 3901.213491 2820.118684 4964.638798 2902.609210 4595.184610 4792.728055 3686.116184 3711.166895 1202.339401 4103.576736 6.221709 5023.466042 1544.955990 647.623323 2872.421376 576.552566 1349.795980 4792.381635 4989.569547 2986.832741 4555.792974 0.000000 2898.187992 273.116124 5507.705211 1525.061762 758.108951 5976.109328 5799.606416
SOR 728.969076 2137.448906 527.790531 1793.551630 2553.444577 1806.980146 3758.957319 1463.222161 442.420423 152.181681 521.060046 1322.840545 7009.543415 7207.086859 1865.257464 1534.513881 3333.192482 1923.873705 2883.693532 466.226092 5962.558414 2176.225363 1356.771973 2189.288465 3341.289330 7206.740439 6329.166442 1866.919152 464.871622 2898.187992 0.000000 1749.866293 715.452674 2123.417816 1488.818186 701.279544 687.362471
SPE 5306.476746 1309.672814 4124.528504 156.782001 2067.765490 3056.229226 172.885351 1814.257114 3234.572845 3052.310081 4297.985854 1609.952178 4484.855100 4682.398545 2977.385983 3142.076009 1086.520745 3534.485850 269.971050 4356.810674 1474.204924 457.439013 2412.426438 453.432681 1078.255762 4682.052125 4384.248032 2277.182411 3889.166230 273.116124 1749.866293 0.000000 4841.057542 1080.422345 629.617770 5309.461659 5132.953956
SUS 93.818205 7303.152311 774.371922 5264.008906 3969.061513 3222.607094 5112.828571 3102.622662 516.084495 713.644813 615.333021 2439.699049 9841.610072 10039.153517 3381.928787 4129.091083 4809.439782 3157.131784 5493.217813 564.790322 8795.023999 4705.703092 2881.166073 4718.613657 4817.241793 10038.807097 7003.991228 3383.577929 548.361743 5507.705211 715.452674 4841.057542 0.000000 4248.148085 3884.756084 93.249641 122.377602
TAR 4713.937212 402.408460 4598.223547 1060.576052 2506.178681 1737.944583 1089.456938 2091.753215 3231.871189 1917.805048 4547.119177 1734.481205 692.539952 727.559050 3527.480566 3304.820666 348.256836 3697.251331 1292.862544 4341.182261 403.679664 1316.395248 3165.344597 1317.696633 359.917253 717.182421 622.481654 3767.800329 4721.507720 1525.061762 2123.417816 1080.422345 4248.148085 0.000000 773.796865 4716.922125 4544.274432
TUP 4350.270912 930.549014 1739.072011 612.236988 1401.020673 1409.029619 641.652623 2346.839230 1713.084616 1535.448065 2567.547654 1352.811860 3851.947058 4049.490503 2046.257408 2319.252202 783.180093 2711.712075 759.371403 2479.099451 1008.770646 622.005111 1467.811688 603.459303 792.922913 4049.144083 4597.122489 2286.595602 2011.012754 758.108951 1488.818186 629.617770 3884.756084 773.796865 0.000000 4353.255826 4177.444897
TUR 22.539754 7772.080915 599.692273 5732.498891 4788.697969 4042.243550 5581.318556 3922.257546 505.788713 731.182867 743.069138 3263.159798 10310.538676 10508.082121 4201.536994 4948.738550 5278.319046 3976.779251 5961.621930 612.654956 9263.952602 5174.193860 3700.824087 5187.104425 5286.121057 10507.735701 7472.919832 4203.186135 605.937254 5976.109328 701.279544 5309.461659 93.249641 4716.922125 4353.255826 0.000000 138.887413
VIC 135.328005 5338.519596 581.478708 5556.417155 3828.820186 3082.365767 5405.232837 2962.279446 476.114810 659.102261 573.822276 2846.841287 7877.145529 8074.688974 3241.621016 3988.141776 5111.954242 3016.182477 5785.119018 553.000873 6830.559455 4998.140767 2740.362695 5011.051331 5119.756253 8074.342553 5135.352923 3243.270157 534.150468 5799.606416 687.362471 5132.953956 122.377602 4544.274432 4177.444897 138.887413 0.000000
