11
0 0.000000 42.166345 40.034814 41.338258 40.689928 46.245911 46.213475 45.785135 30.845163 46.748299 33.652649
1 42.166345 0.000000 39.579873 44.485150 49.592635 37.039675 35.275465 37.268912 48.006284 32.612805 45.805433
10 40.034814 39.579873 0.000000 46.252582 39.800565 39.653011 41.427378 40.868682 44.802158 37.803795 39.316116
2 41.338258 44.485150 46.252582 0.000000 18.525266 46.047688 47.999281 47.194707 40.898914 43.644106 45.419895
3 40.689928 49.592635 39.800565 18.525266 0.000000 46.806874 46.447579 50.580308 42.089996 48.941147 39.619296
4 46.245911 37.039675 39.653011 46.047688 46.806874 0.000000 33.967781 30.613438 49.539957 33.938212 49.798391
5 46.213475 35.275465 41.427378 47.999281 46.447579 33.967781 0.000000 27.136841 50.819591 36.150659 49.712173
6 45.785135 37.268912 40.868682 47.194707 50.580308 30.613438 27.136841 0.000000 50.674544 33.426713 55.186119
7 30.845163 48.006284 44.802158 40.898914 42.089996 49.539957 50.819591 50.674544 0.000000 49.891725 18.302076
8 46.748299 32.612805 37.803795 43.644106 48.941147 33.938212 36.150659 33.426713 49.891725 0.000000 49.427909
9 33.652649 45.805433 39.316116 45.419895 39.619296 49.798391 49.712173 55.186119 18.302076 49.427909 0.000000
