11
0 0.000000 42.594000 41.912617 33.985111 43.571548 40.616206 40.890456 40.772072 40.231902 41.171655 38.779915
1 42.594000 0.000000 45.814305 42.917344 29.739869 37.806389 44.614192 37.424784 36.466746 44.494862 44.691568
10 41.912617 45.814305 0.000000 37.015737 46.591375 48.075930 41.766771 44.709141 44.599110 39.374112 22.347964
2 33.985111 42.917344 37.015737 0.000000 44.498505 42.734861 39.939319 41.840309 41.814291 43.381258 37.284326
3 43.571548 29.739869 46.591375 44.498505 0.000000 37.798260 46.751812 35.008749 33.342043 43.150690 48.019790
4 40.616206 37.806389 48.075930 42.734861 37.798260 0.000000 44.817986 27.210768 37.696459 46.623635 44.609244
5 40.890456 44.614192 41.766771 39.939319 46.751812 44.817986 0.000000 50.577256 43.909629 20.468975 40.323863
6 40.772072 37.424784 44.709141 41.840309 35.008749 27.210768 50.577256 0.000000 39.331013 44.968590 46.704069
7 40.231902 36.466746 44.599110 41.814291 33.342043 37.696459 43.909629 39.331013 0.000000 44.171837 42.856497
8 41.171655 44.494862 39.374112 43.381258 43.150690 46.623635 20.468975 44.968590 44.171837 0.000000 45.915489
9 38.779915 44.691568 22.347964 37.284326 48.019790 44.609244 40.323863 46.704069 42.856497 45.915489 0.000000
