11
0 0.000000 39.334032 30.931651 36.263794 29.747071 46.336606 46.222038 40.482740 44.014027 47.587397 47.803940
1 39.334032 0.000000 39.951963 37.166544 36.777948 44.553449 45.145854 37.213561 41.396670 40.249809 43.205946
10 30.931651 39.951963 0.000000 39.001122 32.030193 47.573102 44.281936 37.018891 46.429449 44.395139 46.647626
2 36.263794 37.166544 39.001122 0.000000 37.012334 44.502831 43.142716 32.174732 45.336504 47.308951 44.681837
3 29.747071 36.777948 32.030193 37.012334 0.000000 46.310333 46.990841 34.632191 47.050427 49.505413 49.101638
4 46.336606 44.553449 47.573102 44.502831 46.310333 0.000000 39.033755 42.575746 36.619450 30.647298 30.496537
5 46.222038 45.145854 44.281936 43.142716 46.990841 39.033755 0.000000 45.225300 24.833146 37.769015 36.803475
6 40.482740 37.213561 37.018891 32.174732 34.632191 42.575746 45.225300 0.000000 47.156502 46.829032 43.153670
7 44.014027 41.396670 46.429449 45.336504 47.050427 36.619450 24.833146 47.156502 0.000000 37.617371 39.406360
8 47.587397 40.249809 44.395139 47.308951 49.505413 30.647298 37.769015 46.829032 37.617371 0.000000 28.214491
9 47.803940 43.205946 46.647626 44.681837 49.101638 30.496537 36.803475 43.153670 39.406360 28.214491 0.000000
