37
BOS 0.000000 7116.282579 627.645095 4360.724655 3294.465235 3334.864348 4832.761738 3566.221911 568.370603 716.499954 640.704788 2743.327622 9217.395414 9173.553144 4450.970746 3469.588388 6038.765688 3622.553565 4976.812856 607.686152 6192.473334 5522.307547 2797.999383 5520.845012 6089.711173 9171.575634 8615.647006 4454.287581 604.879299 5472.658889 696.361704 4788.419747 99.879046 5708.338555 4598.731663 21.479528 139.193208
CAL 7116.282579 0.000000 4339.777895 1256.749636 2533.222754 2594.910335 1266.685937 3474.208816 2181.229305 2409.238876 4540.157065 2123.616997 505.006112 543.245251 4832.578782 2993.883600 525.974609 3337.288654 1741.565788 2536.844011 202.713544 1422.067746 3300.954787 1330.016153 525.836907 518.313812 432.109388 4835.871131 2826.315672 1788.333499 2936.061144 1245.117316 4832.299116 368.559128 914.670093 7410.647055 7059.782602
CAN 627.645095 4339.777895 0.000000 3908.408616 3247.479626 3287.878854 4572.288474 2799.113839 324.999227 492.018484 16.473602 1521.102549 8204.161809 8160.319540 4489.560459 3045.696617 5075.189943 3198.466128 4764.181178 403.284682 5178.226393 3295.466516 2746.237770 3293.936474 5126.137496 8158.342030 7602.413402 4492.877293 403.530612 5260.117496 498.986987 2125.771921 561.489037 4706.965828 1720.710557 637.426707 563.756420
CAV 4360.724655 1256.749636 3908.408616 0.000000 2311.404256 2212.062866 172.322397 3052.242344 3537.162457 3497.061291 4061.207648 2068.069923 5504.291491 5460.450235 3252.902957 2835.786570 1332.863920 2348.911584 273.906030 5498.504129 1229.723366 461.221172 2077.459549 473.799957 1130.953657 5458.472905 4901.660152 3256.189879 4999.524017 273.017956 4068.142147 160.358177 5118.364044 1137.311406 685.288666 4656.208364 4252.869417
CHO 3294.465235 2533.222754 3247.479626 2311.404256 0.000000 3.613654 2022.670928 537.181546 2010.480630 1850.605013 2352.730771 535.865071 7191.967880 7148.125610 711.783132 675.694347 2986.288736 671.505030 3280.465779 2043.839061 2693.930780 2103.596912 567.626136 1904.593422 3037.604245 7146.148100 6590.234877 701.494410 2316.365746 2772.997767 1829.954980 1841.796634 2176.966037 2179.207985 2695.319248 3395.796413 2949.416974
DAS 3334.864348 2594.910335 3287.878854 2212.062866 3.613654 0.000000 1923.106023 622.991364 2050.880694 1891.003438 2393.129999 550.571241 7253.646965 7209.804696 641.581931 680.264944 3047.966853 676.093803 3181.154735 2084.238825 2755.618360 2360.844931 571.779812 2161.681304 3099.282361 7207.827186 6651.913962 631.294852 2356.766152 2673.686723 1870.353404 2098.699296 2217.365174 2240.886947 1374.355546 3436.195527 2989.816426
DIP 4832.761738 1266.685937 4572.288474 172.322397 2022.670928 1923.106023 0.000000 3360.263561 2055.722626 2040.170870 4725.131668 1644.330972 5614.389779 5570.548523 3562.205972 3213.520693 1321.835202 2726.644652 200.494180 3758.707179 1263.843212 503.812051 2454.879120 488.625317 1375.648026 5568.571170 4915.157676 3565.492894 3260.327214 199.535117 2372.121988 175.176587 5590.439188 1140.332654 698.286478 5128.245446 4724.909279
ECH 3566.221911 3474.208816 2799.113839 3052.242344 537.181546 622.991364 3360.263561 0.000000 2261.592817 1483.612185 1904.367940 546.443455 6370.255982 6326.413712 109.593204 737.674392 3398.533904 633.347022 3971.543309 2543.884926 3826.489297 2061.531704 546.860680 1862.374743 3450.086810 6324.436202 5768.522978 101.982806 2293.474725 3464.075297 1343.140933 1966.801812 2857.855243 3168.928868 1421.132545 3667.546334 3122.345593
EQU 568.370603 2181.229305 324.999227 3537.162457 2010.480630 2050.880694 2055.722626 2261.592817 0.000000 433.729596 336.321355 1428.669385 7163.072715 7119.230445 3147.586517 1999.448520 3157.859968 1700.076416 4202.123330 323.965867 4135.760993 2471.623169 1444.406545 2470.085376 3208.796473 7117.252935 6561.324307 3150.903351 337.651778 4698.140873 438.295677 2185.138198 509.841559 2551.148870 1578.183251 564.961208 498.384428
ERI 716.499954 2409.238876 492.018484 3497.061291 1850.605013 1891.003438 2040.170870 1483.612185 433.729596 0.000000 530.426630 1276.988205 6206.752186 6162.909916 2782.458061 1485.730188 2733.033961 1463.661254 2687.742456 444.713360 4361.525034 2384.735952 1329.560484 2383.172652 2783.958326 6160.932406 5605.003778 2785.774895 451.233408 3183.691037 142.928876 2691.486393 659.456469 2206.345832 1498.947470 722.228499 685.059840
FEL 640.704788 4540.157065 16.473602 4061.207648 2352.730771 2393.129999 4725.131668 1904.367940 336.321355 530.426630 0.000000 1911.245934 8452.488582 8408.646313 3594.696370 2150.864926 5323.362278 2303.569898 4916.980210 404.837081 5426.553166 3495.824783 1851.852374 3494.294741 5374.309831 8406.668803 7850.740175 3598.013204 413.463123 5412.916528 544.434038 3434.764643 565.344848 4907.316404 2863.820812 626.235183 552.054481
GAL 2743.327622 2123.616997 1521.102549 2068.069923 535.865071 550.571241 1644.330972 546.443455 1428.669385 1276.988205 1911.245934 0.000000 6095.655572 3280.651213 757.060978 200.410316 2662.976607 202.339928 2632.485258 1530.541493 1837.448341 1701.507604 103.518544 1945.004599 1740.191257 3278.869216 4276.863129 608.201242 1488.563920 2127.510482 1289.511656 1623.015152 1561.440989 1664.683923 1344.772093 2844.349179 1581.599930
GOR 9217.395414 505.006112 8204.161809 5504.291491 7191.967880 7253.646965 5614.389779 6370.255982 7163.072715 6206.752186 8452.488582 6095.655572 0.000000 60.302146 7728.405901 6964.000159 936.983335 7307.401624 4610.657438 8151.112775 472.503534 5619.402673 6274.682703 5525.890953 884.880905 64.027061 182.400077 7731.698249 8441.170733 4657.474495 6733.339923 5487.527480 7321.748780 852.870306 4071.094226 9511.574472 9160.598631
HOM 9173.553144 543.245251 8160.319540 5460.450235 7148.125610 7209.804696 5570.548523 6326.413712 7119.230445 6162.909916 8408.646313 3280.651213 60.302146 0.000000 7684.563631 6920.157890 2239.011805 7263.559354 4518.931898 8107.270506 451.001210 5575.560900 6230.840434 5482.049180 2334.378703 20.307124 199.970947 7687.855980 8397.328463 4565.748956 6689.497653 5443.685728 7277.906511 678.239314 3979.366581 9467.732202 9116.756361
LOX 4450.970746 4832.578782 4489.560459 3252.902957 711.783132 641.581931 3562.205972 109.593204 3147.586517 2782.458061 3594.696370 757.060978 7728.405901 7684.563631 0.000000 765.269764 4013.471978 812.915819 4173.014038 3429.275172 5184.855783 3662.947143 729.012178 3463.260118 4064.914645 7682.586121 7126.672898 6.687359 3179.288102 3665.591098 2798.105522 3309.300683 3741.978384 4527.362705 2772.856625 4552.295169 4006.415214
MAC 3469.588388 2993.883600 3045.696617 2835.786570 675.694347 680.264944 3213.520693 737.674392 1999.448520 1485.730188 2150.864926 200.410316 6964.000159 6920.157890 765.269764 0.000000 3158.978202 10.989007 3822.172718 2112.828098 3394.635392 2563.894957 191.079314 2807.900610 3211.158393 6918.180380 6362.267156 865.625931 2123.729895 3314.704707 1461.341805 2851.383340 2065.565311 2688.797853 1864.696967 3570.917929 2630.363878
MIC 6038.765688 525.974609 5075.189943 1332.863920 2986.288736 3047.966853 1321.835202 3398.533904 3157.859968 2733.033961 5323.362278 2662.976607 936.983335 2239.011805 4013.471978 3158.978202 0.000000 3502.383397 1753.667024 4973.992709 558.543784 1236.287913 2650.657755 1080.209412 22.219240 2407.537305 730.824704 4016.764326 5264.089755 1800.419282 2752.103988 1280.690116 5562.237621 361.671692 855.672740 6332.969591 5931.788988
MON 3622.553565 3337.288654 3198.466128 2348.911584 671.505030 676.093803 2726.644652 633.347022 1700.076416 1463.661254 2303.569898 202.339928 7307.401624 7263.559354 812.915819 10.989007 3502.383397 0.000000 3335.293991 1814.429712 3738.040446 2077.029866 194.615620 2321.035519 3554.563587 7261.581844 6705.668621 913.283080 1825.622288 2827.825979 1439.426778 2364.522189 2217.817723 3032.199318 2208.069672 3723.883106 2782.616290
MUS 4976.812856 1741.565788 4764.181178 273.906030 3280.465779 3181.154735 200.494180 3971.543309 4202.123330 2687.742456 4916.980210 2632.485258 4610.657438 4518.931898 4173.014038 3822.172718 1753.667024 3335.293991 0.000000 3856.244047 1901.287192 683.440471 3063.506278 674.828739 1807.637084 4516.954546 5665.187422 4176.300959 3357.832032 3.702306 2353.272581 282.629427 5734.475645 1612.641458 2224.387532 5272.296565 4868.953597
MYO 607.686152 2536.844011 403.284682 5498.504129 2043.839061 2084.238825 3758.707179 2543.884926 323.965867 444.713360 404.837081 1530.541493 8151.112775 8107.270506 3429.275172 2112.828098 4973.992709 1814.429712 3856.244047 0.000000 5125.009767 3480.519679 1491.647192 3478.969057 5024.942765 8105.292996 7549.364368 3432.592006 57.941478 4351.613457 464.938643 3327.709196 604.223391 2976.123829 1679.793618 609.034495 559.642402
NEW 6192.473334 202.713544 5178.226393 1229.723366 2693.930780 2755.618360 1263.843212 3826.489297 4135.760993 4361.525034 5426.553166 1837.448341 472.503534 451.001210 5184.855783 3394.635392 558.543784 3738.040446 1901.287192 5125.009767 0.000000 1205.539625 2705.047855 1471.875416 534.543607 451.076670 350.387706 5188.148132 5415.118368 1948.036076 2493.850711 1263.648262 4296.540092 377.414843 951.029679 6486.652392 6135.676648
OCH 5522.307547 1422.067746 3295.466516 461.221172 2103.596912 2360.844931 503.812051 2061.531704 2471.623169 2384.735952 3495.824783 1701.507604 5619.402673 5575.560900 3662.947143 2563.894957 1236.287913 2077.029866 683.440471 3480.519679 1205.539625 0.000000 2264.128744 8.977495 1090.273780 5573.584018 5017.317097 3666.243017 2982.609581 705.302612 2255.480947 463.476219 4417.042893 1017.556627 621.981067 3523.553530 3553.884791
ORN 2797.999383 3300.954787 2746.237770 2077.459549 567.626136 571.779812 2454.879120 546.860680 1444.406545 1329.560484 1851.852374 103.518544 6274.682703 6230.840434 729.012178 191.079314 2650.657755 194.615620 3063.506278 1491.647192 2705.047855 2264.128744 0.000000 2508.107583 2702.555023 6228.862802 5672.951555 622.966029 1908.797610 2556.151481 1313.428223 2092.794280 2060.879278 2634.212070 1358.761109 2898.752770 2166.383347
ORY 5520.845012 1330.016153 3293.936474 473.799957 1904.593422 2161.681304 488.625317 1862.374743 2470.085376 2383.172652 3494.294741 1945.004599 5525.890953 5482.049180 3463.260118 2807.900610 1080.209412 2321.035519 674.828739 3478.969057 1471.875416 8.977495 2508.107583 0.000000 1148.681608 5480.072322 4923.808936 3466.555992 2981.068364 696.684742 2253.931434 457.172683 4415.576538 1385.441931 637.472932 3522.090996 3552.422325
OTO 6089.711173 525.836907 5126.137496 1130.953657 3037.604245 3099.282361 1375.648026 3450.086810 3208.796473 2783.958326 5374.309831 1740.191257 884.880905 2334.378703 4064.914645 3211.158393 22.219240 3554.563587 1807.637084 5024.942765 534.543607 1090.273780 2702.555023 1148.681608 0.000000 2355.529346 735.625258 4068.206993 5315.039810 1854.395080 2803.042983 1334.168765 5613.199848 364.635046 843.491532 6383.915075 5982.734472
PAN 9171.575634 518.313812 8158.342030 5458.472905 7146.148100 7207.827186 5568.571170 6324.436202 7117.252935 6160.932406 8406.668803 3278.869216 64.027061 20.307124 7682.586121 6918.180380 2407.537305 7261.581844 4516.954546 8105.292996 451.076670 5573.584018 6228.862802 5480.072322 2355.529346 0.000000 213.948506 7685.878470 8395.350953 4563.771603 6687.520143 5441.707848 7275.929001 673.932580 3977.388865 9465.754692 9114.778851
PON 8615.647006 432.109388 7602.413402 4901.660152 6590.234877 6651.913962 4915.157676 5768.522978 6561.324307 5605.003778 7850.740175 4276.863129 182.400077 199.970947 7126.672898 6362.267156 730.824704 6705.668621 5665.187422 7549.364368 350.387706 5017.317097 5672.951555 4923.808936 735.625258 213.948506 0.000000 7129.965246 7839.422325 5712.005742 6131.591539 4884.842205 6720.000373 617.592473 4784.030917 8909.826064 8558.850223
PRO 4454.287581 4835.871131 4492.877293 3256.189879 701.494410 631.294852 3565.492894 101.982806 3150.903351 2785.774895 3598.013204 608.201242 7731.698249 7687.855980 6.687359 865.625931 4016.764326 913.283080 4176.300959 3432.592006 5188.148132 3666.243017 622.966029 3466.555992 4068.206993 7685.878470 7129.965246 0.000000 3182.604936 3668.878020 2801.433732 3312.596556 3745.295219 4530.655054 2776.143546 4555.612004 4009.732048
PTE 604.879299 2826.315672 403.530612 4999.524017 2316.365746 2356.766152 3260.327214 2293.474725 337.651778 451.233408 413.463123 1488.563920 8441.170733 8397.328463 3179.288102 2123.729895 5264.089755 1825.622288 3357.832032 57.941478 5415.118368 2982.609581 1908.797610 2981.068364 5315.039810 8395.350953 7839.422325 3182.604936 0.000000 3853.167129 451.422251 2828.870953 582.086821 3265.705985 2957.604910 613.877378 547.502620
RAT 5472.658889 1788.333499 5260.117496 273.017956 2772.997767 2673.686723 199.535117 3464.075297 4698.140873 3183.691037 5412.916528 2127.510482 4657.474495 4565.748956 3665.591098 3314.704707 1800.419282 2827.825979 3.702306 4351.613457 1948.036076 705.302612 2556.151481 696.684742 1854.395080 4563.771603 5712.005742 3668.878020 3853.167129 0.000000 2848.581580 288.021885 6230.343321 1659.444296 788.095011 5768.142597 5364.803582
SOR 696.361704 2936.061144 498.986987 4068.142147 1829.954980 1870.353404 2372.121988 1343.140933 438.295677 142.928876 544.434038 1289.511656 6733.339923 6689.497653 2798.105522 1461.341805 2752.103988 1439.426778 2353.272581 464.938643 2493.850711 2255.480947 1313.428223 2253.931434 2803.042983 6687.520143 6131.591539 2801.433732 451.422251 2848.581580 0.000000 2170.789595 680.023502 1774.114487 1479.010122 697.797141 695.551664
SPE 4788.419747 1245.117316 2125.771921 160.358177 1841.796634 2098.699296 175.176587 1966.801812 2185.138198 2691.486393 3434.764643 1623.015152 5487.527480 5443.685728 3309.300683 2851.383340 1280.690116 2364.522189 282.629427 3327.709196 1263.648262 463.476219 2092.794280 457.172683 1334.168765 5441.707848 4884.842205 3312.596556 2828.870953 288.021885 2170.789595 0.000000 5546.902109 1110.978264 686.673282 5084.714386 4681.381869
SUS 99.879046 4832.299116 561.489037 5118.364044 2176.966037 2217.365174 5590.439188 2857.855243 509.841559 659.456469 565.344848 1561.440989 7321.748780 7277.906511 3741.978384 2065.565311 5562.237621 2217.817723 5734.475645 604.223391 4296.540092 4417.042893 2060.879278 4415.576538 5613.199848 7275.929001 6720.000373 3745.295219 582.086821 6230.343321 680.023502 5546.902109 0.000000 4001.037234 2167.714264 98.510276 107.166119
TAR 5708.338555 368.559128 4706.965828 1137.311406 2179.207985 2240.886947 1140.332654 3168.928868 2551.148870 2206.345832 4907.316404 1664.683923 852.870306 678.239314 4527.362705 2688.797853 361.671692 3032.199318 1612.641458 2976.123829 377.414843 1017.556627 2634.212070 1385.441931 364.635046 673.932580 617.592473 4530.655054 3265.705985 1659.444296 1774.114487 1110.978264 4001.037234 0.000000 797.990878 6002.734528 5651.658635
TUP 4598.731663 914.670093 1720.710557 685.288666 2695.319248 1374.355546 698.286478 1421.132545 1578.183251 1498.947470 2863.820812 1344.772093 4071.094226 3979.366581 2772.856625 1864.696967 855.672740 2208.069672 2224.387532 1679.793618 951.029679 621.981067 1358.761109 637.472932 843.491532 3977.388865 4784.030917 2776.143546 2957.604910 788.095011 1479.010122 686.673282 2167.714264 797.990878 0.000000 4893.039797 2653.357126
TUR 21.479528 7410.647055 637.426707 4656.208364 3395.796413 3436.195527 5128.245446 3667.546334 564.961208 722.228499 626.235183 2844.349179 9511.574472 9467.732202 4552.295169 3570.917929 6332.969591 3723.883106 5272.296565 609.034495 6486.652392 3523.553530 2898.752770 3522.090996 6383.915075 9465.754692 8909.826064 4555.612004 613.877378 5768.142597 697.797141 5084.714386 98.510276 6002.734528 4893.039797 0.000000 135.098368
VIC 139.193208 7059.782602 563.756420 4252.869417 2949.416974 2989.816426 4724.909279 3122.345593 498.384428 685.059840 552.054481 1581.599930 9160.598631 9116.756361 4006.415214 2630.363878 5931.788988 2782.616290 4868.953597 559.642402 6135.676648 3553.884791 2166.383347 3552.422325 5982.734472 9114.778851 8558.850223 4009.732048 547.502620 5364.803582 695.551664 4681.381869 107.166119 5651.658635 2653.357126 135.098368 0.000000
