11
0 0.000000 40.701666 45.713818 38.428838 51.151874 36.520441 42.580610 38.269524 36.629437 37.905825 42.365490
1 40.701666 0.000000 46.367423 27.986726 50.157019 39.265338 44.771324 42.132651 38.062999 36.799888 45.991610
10 45.713818 46.367423 0.000000 46.323799 25.591078 46.525996 50.503268 53.156628 45.022278 37.467988 24.665899
2 38.428838 27.986726 46.323799 0.000000 45.802832 42.046294 40.780542 43.096320 37.289869 42.667122 48.075492
3 51.151874 50.157019 25.591078 45.802832 0.000000 49.891812 50.205611 47.585248 41.479186 36.674414 23.999193
4 36.520441 39.265338 46.525996 42.046294 49.891812 0.000000 28.204202 33.563487 40.151899 46.477881 52.523487
5 42.580610 44.771324 50.503268 40.780542 50.205611 28.204202 0.000000 20.299336 48.727335 45.259022 52.185800
6 38.269524 42.132651 53.156628 43.096320 47.585248 33.563487 20.299336 0.000000 42.567627 50.718360 50.146470
7 36.629437 38.062999 45.022278 37.289869 41.479186 40.151899 48.727335 42.567627 0.000000 36.136348 43.932972
8 37.905825 36.799888 37.467988 42.667122 36.674414 46.477881 45.259022 50.718360 36.136348 0.000000 39.734261
9 42.365490 45.991610 24.665899 48.075492 23.999193 52.523487 52.185800 50.146470 43.932972 39.734261 0.000000
