11
0 0.000000 36.835815 45.021345 48.073981 34.262825 37.749870 46.540033 44.728087 45.356893 35.230191 37.284997
1 36.835815 0.000000 45.907751 49.175700 37.413952 37.555126 50.420747 49.549809 45.632607 41.294706 23.201955
10 45.021345 45.907751 0.000000 36.550324 48.947647 44.930624 37.682523 41.813613 24.260500 45.961250 44.302285
2 48.073981 49.175700 36.550324 0.000000 50.204750 48.460560 27.856058 24.891037 36.718858 51.267169 46.829000
3 34.262825 37.413952 48.947647 50.204750 0.000000 34.866424 47.098548 46.822977 50.349118 24.805784 41.319702
4 37.749870 37.555126 44.930624 48.460560 34.866424 0.000000 43.390079 43.601588 46.219301 34.029006 40.035100
5 46.540033 50.420747 37.682523 27.856058 47.098548 43.390079 0.000000 28.430278 36.768364 49.813135 48.222739
6 44.728087 49.549809 41.813613 24.891037 46.822977 43.601588 28.430278 0.000000 39.420460 46.396642 50.561989
7 45.356893 45.632607 24.260500 36.718858 50.349118 46.219301 36.768364 39.420460 0.000000 46.977833 44.018615
8 35.230191 41.294706 45.961250 51.267169 24.805784 34.029006 49.813135 46.396642 46.977833 0.000000 39.962911
9 37.284997 23.201955 44.302285 46.829000 41.319702 40.035100 48.222739 50.561989 44.018615 39.962911 0.000000
