11
0 0.000000 40.371230 46.972282 38.732256 40.727711 45.812497 38.872337 34.246142 47.085279 36.825861 42.250515
1 40.371230 0.000000 49.973975 44.495089 42.249763 51.267551 50.220597 44.317813 51.333810 37.593252 16.021975
10 46.972282 49.973975 0.000000 47.484211 43.410128 28.077300 33.661038 49.665335 25.933855 44.891365 48.521912
2 38.732256 44.495089 47.484211 0.000000 39.481270 46.803743 44.719898 24.923194 48.345453 35.913810 43.177533
3 40.727711 42.249763 43.410128 39.481270 0.000000 41.831736 36.018617 41.825157 40.799675 39.325211 43.738741
4 45.812497 51.267551 28.077300 46.803743 41.831736 0.000000 32.857991 47.672952 25.329734 46.731480 54.062216
5 38.872337 50.220597 33.661038 44.719898 36.018617 32.857991 0.000000 44.849670 36.835791 45.243172 49.495361
6 34.246142 44.317813 49.665335 24.923194 41.825157 47.672952 44.849670 0.000000 46.692631 40.824248 40.221626
7 47.085279 51.333810 25.933855 48.345453 40.799675 25.329734 36.835791 46.692631 0.000000 46.001457 52.846368
8 36.825861 37.593252 44.891365 35.913810 39.325211 46.731480 45.243172 40.824248 46.001457 0.000000 37.342029
9 42.250515 16.021975 48.521912 43.177533 43.738741 54.062216 49.495361 40.221626 52.846368 37.342029 0.000000
