11
0 0.000000 46.538723 36.570251 42.674305 41.895534 32.998280 41.726448 35.008464 40.722792 42.224573 45.915678
1 46.538723 0.000000 45.568292 39.279107 35.068015 47.939076 37.521232 44.328541 35.420809 35.519021 38.961240
10 36.570251 45.568292 0.000000 46.109470 48.737570 18.525113 47.440760 36.407781 43.354534 48.126259 47.029110
2 42.674305 39.279107 46.109470 0.000000 40.248157 46.103535 40.135348 41.138039 31.993644 40.027281 37.566795
3 41.895534 35.068015 48.737570 40.248157 0.000000 47.449856 30.207801 42.271005 42.634120 39.072352 38.351994
4 32.998280 47.939076 18.525113 46.103535 47.449856 0.000000 46.503240 37.937334 45.015486 50.691099 45.570985
5 41.726448 37.521232 47.440760 40.135348 30.207801 46.503240 0.000000 40.437606 38.456612 41.440664 40.924594
6 35.008464 44.328541 36.407781 41.138039 42.271005 37.937334 40.437606 0.000000 40.771557 43.040534 43.278387
7 40.722792 35.420809 43.354534 31.993644 42.634120 45.015486 38.456612 40.771557 0.000000 42.052047 44.392106
8 42.224573 35.519021 48.126259 40.027281 39.072352 50.691099 41.440664 43.040534 42.052047 0.000000 26.285899
9 45.915678 38.961240 47.029110 37.566795 38.351994 45.570985 40.924594 43.278387 44.392106 26.285899 0.000000
