11
0 0.000000 45.598297 40.542732 36.105916 40.300199 36.517229 40.909338 42.141713 41.279151 45.577793 41.201764
1 45.598297 0.000000 37.267347 48.096595 44.697318 42.299175 51.634849 50.925645 23.728649 53.902552 25.234971
10 40.542732 37.267347 0.000000 40.759838 38.981662 42.325024 43.963047 45.526772 40.558912 45.264881 35.520703
2 36.105916 48.096595 40.759838 0.000000 38.541216 23.909006 47.945188 41.476704 45.430313 47.281747 46.580552
3 40.300199 44.697318 38.981662 38.541216 0.000000 39.223056 39.497105 37.151719 48.555162 35.604708 48.201740
4 36.517229 42.299175 42.325024 23.909006 39.223056 0.000000 46.394646 47.750276 47.051163 43.685484 46.489024
5 40.909338 51.634849 43.963047 47.945188 39.497105 46.394646 0.000000 29.376942 48.615606 20.173892 55.634588
6 42.141713 50.925645 45.526772 41.476704 37.151719 47.750276 29.376942 0.000000 45.343152 29.811784 47.519894
7 41.279151 23.728649 40.558912 45.430313 48.555162 47.051163 48.615606 45.343152 0.000000 53.812075 26.867276
8 45.577793 53.902552 45.264881 47.281747 35.604708 43.685484 20.173892 29.811784 53.812075 0.000000 49.403400
9 41.201764 25.234971 35.520703 46.580552 48.201740 46.489024 55.634588 47.519894 26.867276 49.403400 0.000000
