11
1 0.000000 23.536117 21.744357 23.536117 21.051210 23.536117 22.842970 20.971167 22.149822 20.039609 23.536117
10 23.536117 0.000000 23.536117 20.358063 23.536117 23.536117 20.000000 23.536117 23.536117 22.842970 23.536117
11 21.744357 23.536117 0.000000 23.536117 22.842970 23.536117 23.536117 20.000000 22.842970 21.744357 23.536117
2 23.536117 20.358063 23.536117 0.000000 23.536117 23.536117 20.540384 23.536117 23.536117 23.536117 23.536117
3 21.051210 23.536117 22.842970 23.536117 0.000000 22.842970 23.536117 22.842970 20.971167 22.149822 23.536117
4 23.536117 23.536117 23.536117 23.536117 22.842970 0.000000 23.536117 23.536117 23.536117 23.536117 20.000000
5 22.842970 20.000000 23.536117 20.540384 23.536117 23.536117 0.000000 23.536117 22.437504 23.536117 23.536117
6 20.971167 23.536117 20.000000 23.536117 22.842970 23.536117 23.536117 0.000000 22.437504 21.456675 23.536117
7 22.149822 23.536117 22.842970 23.536117 20.971167 23.536117 22.437504 22.437504 0.000000 21.926679 23.536117
8 20.039609 22.842970 21.744357 23.536117 22.149822 23.536117 23.536117 21.456675 21.926679 0.000000 23.536117
9 23.536117 23.536117 23.536117 23.536117 23.536117 20.000000 23.536117 23.536117 23.536117 23.536117 0.000000
