37
BOS 0.000000 5405.317050 659.222481 5200.836543 4097.783317 3571.690529 6725.870648 4343.303509 555.576071 706.597246 621.816996 3280.495035 8621.907184 8526.172286 4188.890659 3568.426613 4551.459421 3363.548975 6006.462949 604.733443 5933.574096 4905.304700 2895.798566 4556.083867 4497.732301 8527.098665 6220.156530 4342.235537 593.789466 6055.944371 737.598286 5531.964969 101.801511 4116.127570 4272.128689 21.030897 145.758944
CAL 5405.317050 0.000000 4605.495296 1178.491338 3277.706842 2749.818135 1191.778451 3492.644728 4056.552094 3110.567184 4895.654625 1897.429110 529.090691 548.807060 2950.588890 4292.254682 513.484895 4392.843555 1525.211069 4913.704992 211.148276 1136.243342 3950.734881 1145.203889 505.286823 521.288142 364.975633 3784.274090 4749.336786 1668.433157 3844.947308 1199.240834 5512.974656 379.895652 909.656494 5406.372315 5765.412125
CAN 659.222481 4605.495296 0.000000 2940.722959 2088.661108 2878.773308 2716.711947 1828.075712 326.759789 510.752146 17.992490 1497.054524 8066.544355 7970.809457 2698.275041 1964.524648 3354.229822 2260.133523 3616.882271 392.712664 5377.699493 2399.419238 1777.423260 2646.461038 3300.461747 7971.735836 5664.498022 2851.617651 408.794434 3666.357712 527.181297 2806.082813 564.785028 3127.079122 2126.985813 625.334931 520.815428
CAV 5200.836543 1178.491338 2940.722959 0.000000 2416.544336 3203.435070 178.897939 2600.576332 2618.741081 1854.416151 3152.057159 1641.928228 4428.981117 4333.246452 2396.225934 2621.551357 1056.279247 2722.104134 261.695359 2811.766113 1282.781263 469.457799 1738.053101 449.786189 1032.223035 4334.172980 2063.402196 2098.825652 2782.849375 266.793454 2131.069697 155.155001 3884.116802 1042.969084 651.954160 5201.891808 2897.555223
CHO 4097.783317 3277.706842 2088.661108 2416.544336 0.000000 2.409533 2306.395504 582.159935 2067.620411 1888.372455 2393.483991 558.543412 6301.485684 6205.750786 653.264969 801.604312 2987.701360 786.118014 3246.501318 2015.914694 3237.627414 2559.090401 608.087998 2804.551770 2995.707455 6206.677165 6178.615277 614.395093 2028.017370 3295.976758 2073.508917 2300.445785 2736.983015 2769.245424 2413.160260 4098.838310 3032.576933
DAS 3571.690529 2749.818135 2878.773308 3203.435070 2.409533 0.000000 3093.199919 545.388083 2857.669951 1363.739484 3184.476282 687.614535 5773.595147 5677.860249 570.884045 686.663100 2459.755958 671.176838 4033.310768 2804.539722 2709.738706 3345.978903 639.653652 3591.440272 2467.762994 5678.786628 5650.727434 635.262466 2816.993477 4082.786208 1239.732281 3087.259451 2210.889385 1725.506724 1884.432609 3572.745522 2506.564566
DIP 6725.870648 1191.778451 2716.711947 178.897939 2306.395504 3093.199919 0.000000 2772.732169 4197.320618 3287.501921 2268.504535 1916.311249 5306.990614 5211.255652 3350.808189 2633.660615 1080.124089 2734.212930 190.240384 2938.851889 1321.788429 476.839649 2147.451464 473.377733 1112.769997 5212.182179 1415.819095 3053.508053 5001.939404 209.971510 2475.879623 190.245387 5409.183445 1103.228481 688.541000 6726.925914 3889.637558
ECH 4343.303509 3492.644728 1828.075712 2600.576332 582.159935 545.388083 2772.732169 0.000000 2504.097761 1315.127326 2514.423352 577.737663 6614.694090 6518.959192 104.159058 776.525743 1931.130770 668.811751 3342.734703 1607.449730 3459.977149 2718.524534 576.627111 2964.586098 2194.525365 6519.885571 3743.936915 100.947703 2494.227952 3392.210143 1411.447062 2647.390503 2982.575330 3063.425514 1472.400925 4344.358502 2838.657206
EQU 555.576071 4056.552094 326.759789 2618.741081 2067.620411 2857.669951 4197.320618 2504.097761 0.000000 439.456669 312.948115 1431.738229 7275.887321 7180.152423 2349.651886 1776.104073 4644.558304 2071.778992 3718.905955 324.948502 4588.183729 2072.596624 1496.134620 2703.048090 4590.795247 7181.078802 4874.516274 2502.997674 310.393890 3768.387377 454.746477 4194.752536 508.098602 2578.120742 1671.650893 549.785230 477.078304
ERI 706.597246 3110.567184 510.752146 1854.416151 1888.372455 1363.739484 3287.501921 1315.127326 439.456669 0.000000 515.214020 1220.543534 5854.154200 5758.419302 2190.745684 1576.455747 2494.263308 1376.089607 4288.905466 468.784430 4960.693094 3667.156302 1234.768835 3319.342775 2440.645495 5759.345681 5692.277161 2344.095130 465.122827 4338.380907 142.113771 2300.113865 710.539714 1977.305573 1545.683402 740.297543 652.575204
FEL 621.816996 4895.654625 17.992490 3152.057159 2393.483991 3184.476282 2268.504535 2514.423352 312.948115 515.214020 0.000000 1920.928769 8212.758288 8117.023390 2359.947644 1971.574396 3499.503857 2267.078139 3826.275315 387.391024 5523.921782 2245.870577 1784.311579 2489.038935 3445.736778 8117.949769 5810.658247 2513.270533 408.822536 3875.750756 516.967070 2453.792629 559.444517 3415.983540 1671.388514 706.941629 540.809171
GAL 3280.495035 1897.429110 1497.054524 1641.928228 558.543412 687.614535 1916.311249 577.737663 1431.738229 1220.543534 1920.928769 0.000000 5393.752499 5298.017601 628.891448 197.755902 1778.825895 199.058412 2807.264003 1435.034356 3309.167008 1775.433033 104.738421 1636.787505 2489.352173 5298.943980 4982.446603 608.207215 1399.510256 2856.765639 1237.252912 1691.019119 2654.247546 1686.846106 1446.965839 3281.555718 1549.462161
GOR 8621.907184 529.090691 8066.544355 4428.981117 6301.485684 5773.595147 5306.990614 6614.694090 7275.887321 5854.154200 8212.758288 5393.752499 0.000000 69.135860 6072.627905 5942.898776 923.423436 6043.481343 4632.574053 6801.714412 464.840061 4550.313972 5160.430594 4569.344776 929.708849 62.047055 181.094832 6906.878218 6637.339591 4776.028299 5447.433670 4434.843190 8731.202133 699.266427 4035.209125 8622.962449 8984.237633
HOM 8526.172286 548.807060 7970.809457 4333.246452 6205.750786 5677.860249 5211.255652 6518.959192 7180.152423 5758.419302 8117.023390 5298.017601 69.135860 0.000000 5976.893007 5847.163878 3712.201137 5947.746445 4536.839091 6705.979514 495.182169 4454.578785 5064.695696 4473.609589 3718.597849 18.058002 206.473495 6811.143320 6541.604692 4680.293337 5351.698772 4339.108205 8635.467235 757.154042 3939.505067 8527.227551 8888.502735
LOX 4188.890659 2950.588890 2698.275041 2396.225934 653.264969 570.884045 3350.808189 104.159058 2349.651886 2190.745684 2359.947644 628.891448 6072.627905 5976.893007 0.000000 787.155784 3255.504819 832.949132 3920.824143 2427.162101 2917.921311 3296.562513 636.843864 3542.627007 3519.841829 5977.819386 3201.891636 8.861794 2339.730337 3970.299723 2230.666020 2443.044892 2828.150913 3102.403628 1492.112303 4189.945652 2684.210978
MAC 3568.426613 4292.254682 1964.524648 2621.551357 801.604312 686.663100 2633.660615 776.525743 1776.104073 1576.455747 1971.574396 197.755902 5942.898776 5847.163878 787.155784 0.000000 3036.560748 9.794455 3666.843326 1745.654575 4251.649571 2559.160058 181.935999 3251.977598 2799.331007 5848.090257 5532.733218 769.134203 1750.165148 3716.318767 1797.435116 2918.776636 2942.900948 2500.726020 2209.179569 3569.481606 2259.976532
MIC 4551.459421 513.484895 3354.229822 1056.279247 2987.701360 2459.755958 1080.124089 1931.130770 4644.558304 2494.263308 3499.503857 1778.825895 923.423436 3712.201137 3255.504819 3036.560748 0.000000 2254.078901 1624.492690 5414.785392 552.985767 1046.880048 2668.381591 1008.134723 29.689182 3713.039816 722.905061 2088.857239 5247.079243 1264.164658 2429.910386 1039.133924 4897.621764 347.993595 783.329203 4552.514687 2692.684810
MON 3363.548975 4392.843555 2260.133523 2722.104134 786.118014 671.176838 2734.212930 668.811751 2071.778992 1376.089607 2267.078139 199.058412 6043.481343 5947.746445 832.949132 9.794455 2254.078901 0.000000 3767.395641 2041.096878 4352.238444 2659.712373 188.792924 3352.529914 2016.645050 5948.672824 5633.315785 814.933535 2045.927068 3816.871082 1292.385420 3019.328952 2738.023310 2601.332913 2309.721439 3364.603968 2055.139716
MUS 6006.462949 1525.211069 3616.882271 261.695359 3246.501318 4033.310768 190.240384 3342.734703 3718.905955 4288.905466 3826.275315 2807.264003 4632.574053 4536.839091 3920.824143 3666.843326 1624.492690 3767.395641 0.000000 3184.246237 1870.121701 562.274605 3180.870074 608.451703 1391.152017 4537.765619 2266.778859 3623.315823 4571.195870 5.530124 3525.199510 277.342916 4689.775738 1589.599006 1778.968030 6007.518214 4950.761234
MYO 604.733443 4913.704992 392.712664 2811.766113 2015.914694 2804.539722 2938.851889 1607.449730 324.948502 468.784430 387.391024 1435.034356 6801.714412 6705.979514 2427.162101 1745.654575 5414.785392 2041.096878 3184.246237 0.000000 4163.247819 3204.021758 1577.204430 2855.794289 5361.071159 6706.905893 4449.576318 2580.456939 68.804567 3233.729547 464.304986 3449.731197 569.380434 4831.684011 1670.037919 580.962253 521.726188
NEW 5933.574096 211.148276 5377.699493 1282.781263 3237.627414 2709.738706 1321.788429 3459.977149 4588.183729 4960.693094 5523.921782 3309.167008 464.840061 495.182169 2917.921311 4251.649571 552.985767 4352.238444 1870.121701 4163.247819 0.000000 1499.181722 3910.306099 1267.223956 543.633243 448.059866 326.721073 3751.524867 3998.972958 1504.617508 4454.959763 1280.282414 6042.801572 406.802003 935.293094 5934.629362 6294.373230
OCH 4905.304700 1136.243342 2399.419238 469.457799 2559.090401 3345.978903 476.839649 2718.524534 2072.596624 3667.156302 2245.870577 1775.433033 4550.313972 4454.578785 3296.562513 2559.160058 1046.880048 2659.712373 562.274605 3204.021758 1499.181722 0.000000 1782.883327 10.966753 991.631714 4455.505313 1486.526132 2999.847657 3137.609360 634.007466 3151.340990 482.995648 3588.619626 1011.781357 613.536736 4906.359965 4234.298697
ORN 2895.798566 3950.734881 1777.423260 1738.053101 608.087998 639.653652 2147.451464 576.627111 1496.134620 1234.768835 1784.311579 104.738421 5160.430594 5064.695696 636.843864 181.935999 2668.381591 188.792924 3180.870074 1577.204430 3910.306099 1782.883327 0.000000 2474.775772 1837.519062 5065.622075 4750.090912 623.425284 1582.353101 3230.347550 1250.262258 1925.226108 2786.005475 2479.197241 1442.597237 2896.790830 1901.892011
ORY 4556.083867 1145.203889 2646.461038 449.786189 2804.551770 3591.440272 473.377733 2964.586098 2703.048090 3319.342775 2489.038935 1636.787505 4569.344776 4473.609589 3542.627007 3251.977598 1008.134723 3352.529914 608.451703 2855.794289 1267.223956 10.966753 2474.775772 0.000000 1320.160457 4474.536117 1505.263251 3245.791540 2788.152460 574.350264 1872.591581 455.447770 3239.398744 1037.862968 630.086095 4557.139132 3884.111686
OTO 4497.732301 505.286823 3300.461747 1032.223035 2995.707455 2467.762994 1112.769997 2194.525365 4590.795247 2440.645495 3445.736778 2489.352173 929.708849 3718.597849 3519.841829 2799.331007 29.689182 2016.645050 1391.152017 5361.071159 543.633243 991.631714 1837.519062 1320.160457 0.000000 3719.424270 727.334716 2353.170055 5193.364201 1534.560830 2376.331737 1044.182523 4843.892891 372.058950 768.967083 4498.787566 2638.952448
PAN 8527.098665 521.288142 7971.735836 4334.172980 6206.677165 5678.786628 5212.182179 6519.885571 7181.078802 5759.345681 8117.949769 5298.943980 62.047055 18.058002 5977.819386 5848.090257 3713.039816 5948.672824 4537.765619 6706.905893 448.059866 4455.505313 5065.622075 4474.536117 3719.424270 0.000000 206.652046 6812.069699 6542.531072 4681.219865 5352.625151 4340.034733 8636.393614 750.998235 3940.431446 8528.153930 8889.429114
PON 6220.156530 364.975633 5664.498022 2063.402196 6178.615277 5650.727434 1415.819095 3743.936915 4874.516274 5692.277161 5810.658247 4982.446603 181.094832 206.473495 3201.891636 5532.733218 722.905061 5633.315785 2266.778859 4449.576318 326.721073 1486.526132 4750.090912 1505.263251 727.334716 206.652046 0.000000 4036.133265 4285.279479 2410.276155 5186.418046 2069.227628 6329.424246 604.239198 1215.282396 6221.211795 6581.453356
PRO 4342.235537 3784.274090 2851.617651 2098.825652 614.395093 635.262466 3053.508053 100.947703 2502.997674 2344.095130 2513.270533 608.207215 6906.878218 6811.143320 8.861794 769.134203 2088.857239 814.933535 3623.315823 2580.456939 3751.524867 2999.847657 623.425284 3245.791540 2353.170055 6812.069699 4036.133265 0.000000 2493.080019 3672.791264 2383.969751 2145.650013 2981.492662 1935.208404 1646.707661 4343.290530 2837.548228
PTE 593.789466 4749.336786 408.794434 2782.849375 2028.017370 2816.993477 5001.939404 2494.227952 310.393890 465.122827 408.822536 1399.510256 6637.339591 6541.604692 2339.730337 1750.165148 5247.079243 2045.927068 4571.195870 68.804567 3998.972958 3137.609360 1582.353101 2788.152460 5193.364201 6542.531072 4285.279479 2493.080019 0.000000 4620.677152 473.822776 4530.814513 569.735088 4665.576396 1714.484858 575.726255 512.840726
RAT 6055.944371 1668.433157 3666.357712 266.793454 3295.976758 4082.786208 209.971510 3392.210143 3768.387377 4338.380907 3875.750756 2856.765639 4776.028299 4680.293337 3970.299723 3716.318767 1264.164658 3816.871082 5.530124 3233.729547 1504.617508 634.007466 3230.347550 574.350264 1534.560830 4681.219865 2410.276155 3672.791264 4620.677152 0.000000 3574.674950 266.602721 4739.257161 1278.451023 761.415232 6056.999637 5000.236815
SOR 737.598286 3844.947308 527.181297 2131.069697 2073.508917 1239.732281 2475.879623 1411.447062 454.746477 142.113771 516.967070 1237.252912 5447.433670 5351.698772 2230.666020 1797.435116 2429.910386 1292.385420 3525.199510 464.304986 4454.959763 3151.340990 1250.262258 1872.591581 2376.331737 5352.625151 5186.418046 2383.969751 473.822776 3574.674950 0.000000 2577.797563 667.675091 3428.909359 1519.882104 759.486050 639.661868
SPE 5531.964969 1199.240834 2806.082813 155.155001 2300.445785 3087.259451 190.245387 2647.390503 4194.752536 2300.113865 2453.792629 1691.019119 4434.843190 4339.108205 2443.044892 2918.776636 1039.133924 3019.328952 277.342916 3449.731197 1280.282414 482.995648 1925.226108 455.447770 1044.182523 4340.034733 2069.227628 2145.650013 4530.814513 266.602721 2577.797563 0.000000 4215.268486 1019.369327 642.392125 5533.020234 3321.241603
SUS 101.801511 5512.974656 564.785028 3884.116802 2736.983015 2210.889385 5409.183445 2982.575330 508.098602 710.539714 559.444517 2654.247546 8731.202133 8635.467235 2828.150913 2942.900948 4897.621764 2738.023310 4689.775738 569.380434 6042.801572 3588.619626 2786.005475 3239.398744 4843.892891 8636.393614 6329.424246 2981.492662 569.735088 4739.257161 667.675091 4215.268486 0.000000 4222.916771 2955.353727 93.978674 105.651985
TAR 4116.127570 379.895652 3127.079122 1042.969084 2769.245424 1725.506724 1103.228481 3063.425514 2578.120742 1977.305573 3415.983540 1686.846106 699.266427 757.154042 3102.403628 2500.726020 347.993595 2601.332913 1589.599006 4831.684011 406.802003 1011.781357 2479.197241 1037.862968 372.058950 750.998235 604.239198 1935.208404 4665.576396 1278.451023 3428.909359 1019.369327 4222.916771 0.000000 755.058502 4117.182835 4474.743111
TUP 4272.128689 909.656494 2126.985813 651.954160 2413.160260 1884.432609 688.541000 1472.400925 1671.650893 1545.683402 1671.388514 1446.965839 4035.209125 3939.505067 1492.112303 2209.179569 783.329203 2309.721439 1778.968030 1670.037919 935.293094 613.536736 1442.597237 630.086095 768.967083 3940.431446 1215.282396 1646.707661 1714.484858 761.415232 1519.882104 642.392125 2955.353727 755.058502 0.000000 4273.183954 3012.014940
TUR 21.030897 5406.372315 625.334931 5201.891808 4098.838310 3572.745522 6726.925914 4344.358502 549.785230 740.297543 706.941629 3281.555718 8622.962449 8527.227551 4189.945652 3569.481606 4552.514687 3364.603968 6007.518214 580.962253 5934.629362 4906.359965 2896.790830 4557.139132 4498.787566 8528.153930 6221.211795 4343.290530 575.726255 6056.999637 759.486050 5533.020234 93.978674 4117.182835 4273.183954 0.000000 143.569224
VIC 145.758944 5765.412125 520.815428 2897.555223 3032.576933 2506.564566 3889.637558 2838.657206 477.078304 652.575204 540.809171 1549.462161 8984.237633 8888.502735 2684.210978 2259.976532 2692.684810 2055.139716 4950.761234 521.726188 6294.373230 4234.298697 1901.892011 3884.111686 2638.952448 8889.429114 6581.453356 2837.548228 512.840726 5000.236815 639.661868 3321.241603 105.651985 4474.743111 3012.014940 143.569224 0.000000
