37
BOS 0.000000 5237.315052 604.639568 4653.050974 3107.621847 3056.999942 4947.440436 2581.225814 518.297986 731.002478 612.363088 2693.415776 8150.331701 8396.168707 3197.780149 3153.204768 5283.443091 3141.152867 5011.850849 565.478805 6963.196131 4525.181928 2586.207229 4516.048403 4882.727475 8200.211742 7578.197599 4034.281308 574.674526 5559.600841 716.325230 4329.544924 101.204579 5118.245867 3583.491862 26.231956 133.912737
CAL 5237.315052 0.000000 4168.691617 1152.259244 3460.331874 1989.563810 1213.379201 3091.909160 4399.514279 3910.962822 4663.394785 3854.698878 500.806704 618.257344 4095.438524 4635.284713 549.327264 4644.371588 2531.920018 4624.697472 184.454766 1359.422837 3867.511699 1159.808355 539.396689 2102.132009 391.066608 2950.368175 4638.748474 1682.623927 2036.579718 1195.440607 5380.181404 357.759056 930.363070 5236.777023 4426.465330
CAN 604.639568 4168.691617 0.000000 3199.379069 2054.172067 2003.766160 4245.331811 2033.363631 328.410093 498.279384 16.318869 1558.368406 7081.270965 7327.107971 2649.902185 2257.205988 4292.030997 2245.155782 5545.576925 406.280425 5894.220324 3966.528005 1939.886506 3957.394479 3891.242300 7131.151006 6509.136863 3486.400091 406.997307 6093.326917 503.770011 4910.667510 598.163535 2535.785574 2044.810485 603.625207 560.498398
CAV 4653.050974 1152.259244 3199.379069 0.000000 1781.314369 2489.775414 178.170743 2284.167268 2405.203954 1764.342473 2400.833806 1574.157794 4495.193082 2259.017699 2715.453102 2658.373905 1027.750292 2667.271253 263.399727 2035.823056 1170.977281 451.895088 1682.830243 476.375561 1088.243104 4545.072884 1373.236600 2625.241717 2168.766946 263.670287 2074.675374 164.142725 4792.718273 1018.952379 650.139024 4652.355477 3887.522278
CHO 3107.621847 3460.331874 2054.172067 1781.314369 0.000000 4.244010 2420.256224 633.258104 1888.590271 1712.739150 2452.723778 606.096219 6969.374066 7215.213592 634.736049 650.534809 3700.405202 660.283135 2713.044333 1724.153758 5783.763468 2671.376266 545.367829 2709.245312 3061.793872 7019.254107 6397.237919 623.375915 1584.677174 3260.802183 1788.714619 2377.082890 2610.126693 3203.084577 2207.094566 3105.010978 2318.069867
DAS 3056.999942 1989.563810 2003.766160 2489.775414 4.244010 0.000000 2368.691306 513.587643 1838.498064 1662.855106 2402.388741 563.946832 7066.669600 7312.509126 666.095074 665.217638 3797.589471 674.958530 3710.018461 2186.648330 5881.059002 2622.081456 608.512621 2659.950502 3015.356225 7116.549641 6494.533454 654.663276 2047.134565 4257.776310 1288.857952 2327.649760 2559.484067 3300.366798 1467.234968 3054.389074 2267.401134
DIP 4947.440436 1213.379201 4245.331811 178.170743 2420.256224 2368.691306 0.000000 2343.186462 3590.386525 2011.935836 3444.574588 1649.001483 4476.392996 2240.248651 3237.920848 2748.615159 1081.574946 2757.488936 198.990328 2574.435735 1255.515219 487.863361 2017.684492 501.733070 1157.942126 4526.272799 2063.586998 3147.903531 2238.649209 196.415973 2874.896288 187.695099 5086.009847 1074.661051 629.514891 4946.683875 4184.075056
ECH 2581.225814 3091.909160 2033.363631 2284.167268 633.258104 513.587643 2343.186462 0.000000 2260.873894 2331.614742 2430.457483 585.411646 7282.410119 7528.249645 102.469591 634.300227 2397.502233 727.815616 3165.173502 2480.312232 6096.787225 2036.813309 575.614543 2074.682355 2886.179186 7332.290160 6710.273973 102.150319 2337.413197 3712.931351 1844.671170 2327.365794 2865.554606 2667.625627 1704.736250 2578.695962 3399.506730
EQU 518.297986 4399.514279 328.410093 2405.203954 1888.590271 1838.498064 3590.386525 2260.873894 0.000000 432.445109 330.317398 1354.033751 5595.780365 5841.617371 2192.807516 1966.104488 2849.385546 1954.047611 3228.634881 342.748257 6125.062467 2324.071695 2231.557894 2315.001077 2448.059526 5645.660406 5023.646263 3029.306983 338.368550 3776.384873 444.042231 2595.411741 529.694356 2022.933010 1601.832729 525.539704 485.048138
ERI 731.002478 3910.962822 498.279384 1764.342473 1712.739150 1662.855106 2011.935836 2331.614742 432.445109 0.000000 499.474673 1249.175028 6822.943156 7068.780162 1856.901417 1874.433104 2760.937521 1862.385451 3814.092116 483.720627 5636.209344 2742.275180 1326.607654 2732.920216 2360.791146 6872.823197 6250.809054 2693.166620 484.333789 4361.842108 145.465609 1993.040731 703.967877 3304.373779 1520.183407 766.507114 661.064978
FEL 612.363088 4663.394785 16.318869 2400.833806 2452.723778 2402.388741 3444.574588 2430.457483 330.317398 499.474673 0.000000 2054.939617 7576.617468 7822.454474 3046.999452 2600.738562 3237.855151 2588.684379 4744.991792 402.774805 6389.053133 3166.043057 2787.703798 3156.909532 2837.770054 7626.497509 7004.483367 3883.499329 384.914992 5292.741784 518.266562 4110.143386 589.306729 3030.193631 1699.587175 608.678782 555.815852
GAL 2693.415776 3854.698878 1558.368406 1574.157794 606.096219 563.946832 1649.001483 585.411646 1354.033751 1249.175028 2054.939617 0.000000 6433.048005 6678.891145 701.494895 202.827373 1718.153528 203.398207 2626.641322 1436.341510 1921.401924 1974.930216 102.298570 1559.586572 1681.607168 6482.928046 5860.912143 792.518544 1455.203579 1716.469891 1221.376471 1581.431265 2076.971282 1857.545013 1321.668319 2690.851989 1631.935660
GOR 8150.331701 500.806704 7081.270965 4495.193082 6969.374066 7066.669600 4476.392996 7282.410119 5595.780365 6822.943156 7576.617468 6433.048005 0.000000 62.128573 8286.191457 7213.765806 3641.083155 7222.852642 5647.547091 5765.295414 464.017949 4015.594830 6445.887002 4066.351631 2331.607525 61.134477 187.817922 7140.941004 5778.914025 4798.248231 6878.413242 4444.657761 8293.470225 767.487433 2631.055835 8149.793673 7339.511665
HOM 8396.168707 618.257344 7327.107971 2259.017699 7215.213592 7312.509126 2240.248651 7528.249645 5841.617371 7068.780162 7822.454474 6678.891145 62.128573 0.000000 8532.030983 7459.605332 828.739373 7468.692168 3411.387649 6011.121886 509.033967 2221.654711 6691.726528 2272.445903 951.482248 20.035120 198.298866 7386.780530 6024.740497 2562.097222 7124.250248 2208.472942 8539.307231 2215.119943 4252.263239 8395.630679 7585.348671
LOX 3197.780149 4095.438524 2649.902185 2715.453102 634.736049 666.095074 3237.920848 102.469591 2192.807516 1856.901417 3046.999452 701.494895 8286.191457 8532.030983 0.000000 910.621349 3400.782533 854.750513 3591.500467 2411.933793 7100.562885 3196.730875 700.187007 3234.505656 3889.265938 8336.071498 7714.055311 8.549206 2268.938378 4139.258316 1909.505858 2755.266399 3482.139637 3670.632937 2378.122528 3195.250297 3318.993203
MAC 3153.204768 4635.284713 2257.205988 2658.373905 650.534809 665.217638 2748.615159 634.300227 1966.104488 1874.433104 2600.738562 202.827373 7213.765806 7459.605332 910.621349 0.000000 2714.775523 9.317296 3592.552652 2145.871204 6028.138328 2967.768001 184.846462 3005.637047 3449.756019 7263.645847 6641.629659 806.137776 2358.051275 4140.310502 1847.053410 2508.670024 3535.295346 3405.304789 2246.679312 3150.574849 2953.547907
MIC 5283.443091 549.327264 4292.030997 1027.750292 3700.405202 3797.589471 1081.574946 2397.502233 2849.385546 2760.937521 3237.855151 1718.153528 3641.083155 828.739373 3400.782533 2714.775523 0.000000 2723.819149 2549.350831 3545.133454 545.810038 1072.787324 2491.371914 1075.023310 27.160131 3739.073909 832.678917 2806.691945 3558.909026 1255.757384 2721.417265 1091.363395 3187.322192 387.246582 817.283253 4899.656041 4088.662352
MON 3141.152867 4644.371588 2245.155782 2667.271253 660.283135 674.958530 2757.488936 727.815616 1954.047611 1862.385451 2588.684379 203.398207 7222.852642 7468.692168 854.750513 9.317296 2723.819149 0.000000 3601.426448 2133.816985 6037.225164 2976.692894 187.723233 3014.561940 3458.799727 7272.732683 6650.716495 750.266940 2345.997093 4149.184297 1834.999283 2517.543762 3523.243445 3414.391625 2255.647298 3138.522948 2941.496006
MUS 5011.850849 2531.920018 5545.576925 263.399727 2713.044333 3710.018461 198.990328 3165.173502 3228.634881 3814.092116 4744.991792 2626.641322 5647.547091 3411.387649 3591.500467 3592.552652 2549.350831 3601.426448 0.000000 3920.157609 2568.367350 624.591839 3207.887329 648.544979 2473.846271 5697.426893 3234.579846 3501.289126 3344.572473 5.435210 2713.529703 281.321569 5150.148572 2402.945130 1712.252537 5011.093308 4249.436818
MYO 565.478805 4624.697472 406.280425 2035.823056 1724.153758 2186.648330 2574.435735 2480.312232 342.748257 483.720627 402.774805 1436.341510 5765.295414 6011.121886 2411.933793 2145.871204 3545.133454 2133.816985 3920.157609 0.000000 6350.934303 2336.229328 1482.260146 2327.100074 3142.589593 5815.175455 5193.155291 3248.430275 63.116912 4467.907901 463.629136 3140.196392 565.592130 2297.672166 1634.731470 592.260318 534.311501
NEW 6963.196131 184.454766 5894.220324 1170.977281 5783.763468 5881.059002 1255.515219 6096.787225 6125.062467 5636.209344 6389.053133 1921.401924 464.017949 509.033967 7100.562885 6028.138328 545.810038 6037.225164 2568.367350 6350.934303 0.000000 1166.259072 5260.259843 1470.748989 552.931978 502.202295 341.999860 5955.328747 6364.933869 1719.056882 5691.106470 1214.143506 7106.334655 406.960769 965.745472 6962.658103 6152.376095
OCH 4525.181928 1359.422837 3966.528005 451.895088 2671.376266 2622.081456 487.863361 2036.813309 2324.071695 2742.275180 3166.043057 1974.930216 4015.594830 2221.654711 3196.730875 2967.768001 1072.787324 2976.692894 624.591839 2336.229328 1166.259072 0.000000 2035.708746 10.178880 1012.873647 4065.474871 2340.664476 3107.815423 2481.815608 626.724302 2219.325922 455.017374 4663.718697 1394.590379 615.775126 4524.425371 3761.876879
ORN 2586.207229 3867.511699 1939.886506 1682.830243 545.367829 608.512621 2017.684492 575.614543 2231.557894 1326.607654 2787.703798 102.298570 6445.887002 6691.726528 700.187007 184.846462 2491.371914 187.723233 3207.887329 1482.260146 5260.259843 2035.708746 0.000000 2073.577792 3432.385480 6495.767043 5873.750855 791.193895 1862.714874 3755.645179 1293.057847 1783.012265 2967.941405 3134.690482 1415.060666 2583.535631 2386.683389
ORY 4516.048403 1159.808355 3957.394479 476.375561 2709.245312 2659.950502 501.733070 2074.682355 2315.001077 2732.920216 3156.909532 1559.586572 4066.351631 2272.445903 3234.505656 3005.637047 1075.023310 3014.561940 648.544979 2327.100074 1470.748989 10.178880 2073.577792 0.000000 1117.873705 4116.231672 2391.444148 3145.590204 2472.618023 650.678213 2210.170111 480.436216 4654.585171 986.383863 626.340039 4515.291845 3752.743354
OTO 4882.727475 539.396689 3891.242300 1088.243104 3061.793872 3015.356225 1157.942126 2886.179186 2448.059526 2360.791146 2837.770054 1681.607168 2331.607525 951.482248 3889.265938 3449.756019 27.160131 3458.799727 2473.846271 3142.589593 552.931978 1012.873647 3432.385480 1117.873705 0.000000 922.234234 786.843646 3295.171498 3156.322723 1180.747074 2321.775416 1032.002163 2787.290294 373.970251 822.590643 4498.940425 3687.946730
PAN 8200.211742 2102.132009 7131.151006 4545.072884 7019.254107 7116.549641 4526.272799 7332.290160 5645.660406 6872.823197 7626.497509 6482.928046 61.134477 20.035120 8336.071498 7263.645847 3739.073909 7272.732683 5697.426893 5815.175455 502.202295 4065.474871 6495.767043 4116.231672 922.234234 0.000000 217.752858 7190.821045 5828.794066 4848.128033 6928.293283 4494.537563 8343.350266 732.169426 2680.935664 8199.673714 7389.391706
PON 7578.197599 391.066608 6509.136863 1373.236600 6397.237919 6494.533454 2063.586998 6710.273973 5023.646263 6250.809054 7004.483367 5860.912143 187.817922 198.298866 7714.055311 6641.629659 832.678917 6650.716495 3234.579846 5193.155291 341.999860 2340.664476 5873.750855 2391.444148 786.843646 217.752858 0.000000 6568.804858 5206.773902 2385.289419 6306.279141 2031.757692 7721.336123 574.092066 1165.868990 7577.659571 6767.377563
PRO 4034.281308 2950.368175 3486.400091 2625.241717 623.375915 654.663276 3147.903531 102.150319 3029.306983 2693.166620 3883.499329 792.518544 7140.941004 7386.780530 8.549206 806.137776 2806.691945 750.266940 3501.289126 3248.430275 5955.328747 3107.815423 791.193895 3145.590204 3295.171498 7190.821045 6568.804858 0.000000 3105.438281 4049.046975 2745.790909 2665.054876 4318.644353 2525.572416 2287.908146 4031.751456 4155.506188
PTE 574.674526 4638.748474 406.997307 2168.766946 1584.677174 2047.134565 2238.649209 2337.413197 338.368550 484.333789 384.914992 1455.203579 5778.914025 6024.740497 2268.938378 2358.051275 3558.909026 2345.997093 3344.572473 63.116912 6364.933869 2481.815608 1862.714874 2472.618023 3156.322723 5828.794066 5206.773902 3105.438281 0.000000 3892.322465 474.407991 3322.732427 555.204427 2310.643810 1616.575239 580.529142 535.442970
RAT 5559.600841 1682.623927 6093.326917 263.670287 3260.802183 4257.776310 196.415973 3712.931351 3776.384873 4361.842108 5292.741784 1716.469891 4798.248231 2562.097222 4139.258316 4140.310502 1255.757384 4149.184297 5.435210 4467.907901 1719.056882 626.724302 3755.645179 650.678213 1180.747074 4848.128033 2385.289419 4049.046975 3892.322465 0.000000 3261.279995 266.239803 5697.898564 1553.793001 751.764663 5558.843300 4797.186810
SOR 716.325230 2036.579718 503.770011 2074.675374 1788.714619 1288.857952 2874.896288 1844.671170 444.042231 145.465609 518.266562 1221.376471 6878.413242 7124.250248 1909.505858 1847.053410 2721.417265 1834.999283 2713.529703 463.629136 5691.106470 2219.325922 1293.057847 2210.170111 2321.775416 6928.293283 6306.279141 2745.790909 474.407991 3261.279995 0.000000 3242.525298 675.986567 1890.193310 1506.447346 743.702553 654.890520
SPE 4329.544924 1195.440607 4910.667510 164.142725 2377.082890 2327.649760 187.695099 2327.365794 2595.411741 1993.040731 4110.143386 1581.431265 4444.657761 2208.472942 2755.266399 2508.670024 1091.363395 2517.543762 281.321569 3140.196392 1214.143506 455.017374 1783.012265 480.436216 1032.002163 4494.537563 2031.757692 2665.054876 3322.732427 266.239803 3242.525298 0.000000 4467.824389 1046.417006 613.308642 4328.788683 3567.140268
SUS 101.204579 5380.181404 598.163535 4792.718273 2610.126693 2559.484067 5086.009847 2865.554606 529.694356 703.967877 589.306729 2076.971282 8293.470225 8539.307231 3482.139637 3535.295346 3187.322192 3523.243445 5150.148572 565.592130 7106.334655 4663.718697 2967.941405 4654.585171 2787.290294 8343.350266 7721.336123 4318.644353 555.204427 5697.898564 675.986567 4467.824389 0.000000 2726.096284 3722.059165 87.496997 104.055983
TAR 5118.245867 357.759056 2535.785574 1018.952379 3203.084577 3300.366798 1074.661051 2667.625627 2022.933010 3304.373779 3030.193631 1857.545013 767.487433 2215.119943 3670.632937 3405.304789 387.246582 3414.391625 2402.945130 2297.672166 406.960769 1394.590379 3134.690482 986.383863 373.970251 732.169426 574.092066 2525.572416 2310.643810 1553.793001 1890.193310 1046.417006 2726.096284 0.000000 791.764901 4734.420301 3922.973029
TUP 3583.491862 930.363070 2044.810485 650.139024 2207.094566 1467.234968 629.514891 1704.736250 1601.832729 1520.183407 1699.587175 1321.668319 2631.055835 4252.263239 2378.122528 2246.679312 817.283253 2255.647298 1712.252537 1634.731470 965.745472 615.775126 1415.060666 626.340039 822.590643 2680.935664 1165.868990 2287.908146 1616.575239 751.764663 1506.447346 613.308642 3722.059165 791.764901 0.000000 3582.800290 2819.434141
TUR 26.231956 5236.777023 603.625207 4652.355477 3105.010978 3054.389074 4946.683875 2578.695962 525.539704 766.507114 608.678782 2690.851989 8149.793673 8395.630679 3195.250297 3150.574849 4899.656041 3138.522948 5011.093308 592.260318 6962.658103 4524.425371 2583.535631 4515.291845 4498.940425 8199.673714 7577.659571 4031.751456 580.529142 5558.843300 743.702553 4328.788683 87.496997 4734.420301 3582.800290 0.000000 138.997469
VIC 133.912737 4426.465330 560.498398 3887.522278 2318.069867 2267.401134 4184.075056 3399.506730 485.048138 661.064978 555.815852 1631.935660 7339.511665 7585.348671 3318.993203 2953.547907 4088.662352 2941.496006 4249.436818 534.311501 6152.376095 3761.876879 2386.683389 3752.743354 3687.946730 7389.391706 6767.377563 4155.506188 535.442970 4797.186810 654.890520 3567.140268 104.055983 3922.973029 2819.434141 138.997469 0.000000
