11
0 0.000000 42.397639 38.402585 40.558680 34.034257 42.556964 38.254222 43.495256 42.053970 42.663656 44.224213
1 42.397639 0.000000 28.660640 46.686286 41.351585 39.348322 48.188527 41.192166 38.947607 41.369570 41.509459
10 38.402585 28.660640 0.000000 44.750036 38.621898 41.335648 47.297318 39.866793 41.834277 44.083177 45.148197
2 40.558680 46.686286 44.750036 0.000000 38.207709 49.456389 16.840817 44.280690 44.337413 48.919989 48.451541
3 34.034257 41.351585 38.621898 38.207709 0.000000 48.011317 34.994442 40.416213 40.608057 46.307909 46.735390
4 42.556964 39.348322 41.335648 49.456389 48.011317 0.000000 48.534696 47.559747 45.856456 26.929193 26.870304
5 38.254222 48.188527 47.297318 16.840817 34.994442 48.534696 0.000000 44.624943 49.311513 48.419722 47.982694
6 43.495256 41.192166 39.866793 44.280690 40.416213 47.559747 44.624943 0.000000 23.345843 45.141278 43.041868
7 42.053970 38.947607 41.834277 44.337413 40.608057 45.856456 49.311513 23.345843 0.000000 43.502214 43.604572
8 42.663656 41.369570 44.083177 48.919989 46.307909 26.929193 48.419722 45.141278 43.502214 0.000000 27.180278
9 44.224213 41.509459 45.148197 48.451541 46.735390 26.870304 47.982694 43.041868 43.604572 27.180278 0.000000
