37
BOS 0.000000 7190.555322 746.117036 4416.937184 3253.829236 3282.107872 5175.832707 2054.623382 554.517939 729.925714 675.226821 2681.874200 9206.079050 9509.615264 3276.288621 3216.213789 6781.552183 3203.089189 5633.751467 617.211977 7030.269577 4091.291493 2847.492220 4240.756788 6778.818094 9612.636254 7236.681691 1880.185641 609.293492 5587.413421 731.602548 4999.836505 98.108177 4758.370818 4352.838670 21.751513 137.879328
CAL 7190.555322 0.000000 5935.604638 1163.093506 3292.979585 3153.442439 1573.911990 2913.507092 5297.404758 2246.368145 5531.211958 2845.713365 469.782491 484.705487 3646.612899 4167.623373 487.377062 4176.066547 2747.340864 5671.807240 208.203406 1165.768565 2866.013044 1291.899477 490.004889 494.850735 404.025706 3649.617883 5372.602723 2701.002667 2580.769163 1182.740256 6055.915773 364.131090 976.006396 6747.137544 6695.295065
CAN 746.117036 5935.604638 0.000000 3547.517708 2550.749461 2579.033783 3018.548790 2480.000021 313.568861 499.894868 15.106629 2115.001819 8046.498496 8350.034709 2816.923419 2711.018529 3223.741391 2697.874967 4957.381592 413.351538 5870.706670 3064.734153 2341.817172 3215.840959 3220.707050 8453.055699 6076.904551 2990.521182 417.391374 4911.043545 513.880162 2841.476342 654.588572 5855.971933 2068.685902 805.100348 559.780141
CAV 4416.937184 1163.093506 3547.517708 0.000000 1871.512607 1717.264024 170.904672 3173.528632 3228.664360 3417.095986 3601.316087 1599.497151 3270.934784 3145.661659 2782.390682 3024.875517 1109.914498 3033.266681 281.309324 3620.615482 1271.799495 455.134323 1695.116283 465.369454 1038.549652 3248.682725 1563.199965 2785.407860 4118.560083 276.480951 3153.948814 155.022203 4948.199335 1082.684489 626.901613 3973.519675 5880.551510
CHO 3253.829236 3292.979585 2550.749461 1871.512607 0.000000 4.731732 1727.879838 638.555234 1934.700256 1839.662215 2363.711255 525.558130 5424.813407 5728.349463 634.733089 667.232815 2475.566437 599.751722 3366.160668 1923.008377 5606.103975 2347.351299 536.067226 2671.347427 2477.611468 5831.370453 5992.569994 653.049084 1908.462929 3319.822622 1781.546091 2055.545786 2208.677172 3503.189710 2158.040805 4717.133822 2985.451899
DAS 3282.107872 3153.442439 2579.033783 1717.264024 4.731732 0.000000 2422.782799 544.374941 1963.021415 1324.895305 2391.995577 545.577152 5285.298888 5588.834943 693.864261 626.340929 2335.913697 673.820688 4063.637455 1951.327706 5466.594639 2206.175051 561.232653 2530.124322 2337.852312 5691.855933 5853.060659 712.189337 1936.798534 4017.299409 1809.922032 1806.976279 2236.956275 3363.582418 2017.708584 4745.412458 3013.730578
DIP 5175.832707 1573.911990 3018.548790 170.904672 1727.879838 2422.782799 0.000000 3150.508328 3987.305599 2307.646589 4698.533920 1577.503613 2756.114072 3160.690431 2759.460730 3105.334517 1066.067502 3113.739271 213.614598 3140.498146 1438.623222 475.655027 1866.722827 485.037074 1059.882813 3263.710098 3224.858257 2762.499037 3637.932427 201.738931 2419.493341 171.564227 5707.255333 1051.109344 685.867274 4732.415083 3952.996909
ECH 2054.623382 2913.507092 2480.000021 3173.528632 638.555234 544.374941 3150.508328 0.000000 2084.154554 1419.998605 2292.954989 569.302220 5886.190006 6189.720939 100.386217 749.045558 2643.918950 650.054974 4562.729557 2104.271546 6070.248698 2804.424815 580.723361 2526.508138 2655.011712 6292.741929 6454.926285 107.479518 2205.752915 4516.391511 1502.634605 3266.146307 2329.149448 2954.982707 2923.876955 4402.586331 2671.762903
EQU 554.517939 5297.404758 313.568861 3228.664360 1934.700256 1963.021415 3987.305599 2084.154554 0.000000 446.781742 326.672018 1701.434466 7408.594166 7712.130379 2016.396101 2078.062053 4984.350871 2064.939162 4446.948896 326.446503 5232.869301 2311.527561 1723.654926 2461.473763 4980.949256 7815.151369 5439.196806 2094.253380 316.187805 4400.610850 435.946621 3762.215673 523.457585 5218.669938 1672.359046 539.143185 475.302507
ERI 729.925714 2246.368145 499.894868 3417.095986 1839.662215 1324.895305 2307.646589 1419.998605 446.781742 0.000000 530.306109 1308.610353 6659.018910 6962.560803 1911.381816 1997.881056 2268.784085 1984.676315 3294.563603 461.670196 4482.515015 2289.117257 1364.067324 1831.183943 1755.683478 7065.581793 4689.548329 1988.581041 482.304081 3248.225557 154.789654 2914.993797 629.460831 2411.733000 1618.969169 717.258389 652.825390
FEL 675.226821 5531.211958 15.106629 3601.316087 2363.711255 2391.995577 4698.533920 2292.954989 326.672018 530.306109 0.000000 1927.933797 7642.105815 7945.642029 2629.878388 2523.954420 2819.829981 2510.810859 4818.544225 408.573124 5466.313989 4745.971238 2154.753063 4897.078044 2816.414120 8048.663019 5672.511870 2803.476151 414.775218 4772.206179 550.806102 4521.488352 682.352383 5451.664411 2328.256434 620.001047 707.028611
GAL 2681.874200 2845.713365 2115.001819 1599.497151 525.558130 545.577152 1577.503613 569.302220 1701.434466 1308.610353 1927.933797 0.000000 5132.291770 5435.828506 605.000293 195.559054 1712.755789 196.848974 3195.286705 1633.594265 5317.199361 2277.248491 98.717712 1552.242347 1748.847328 5538.849496 5701.011859 613.891980 1468.703283 3148.948582 1315.585348 1603.737541 2473.788973 1693.758409 1375.398899 4144.624547 2414.044177
GOR 9206.079050 469.782491 8046.498496 3270.934784 5424.813407 5285.298888 2756.114072 5886.190006 7408.594166 6659.018910 7642.105815 5132.291770 0.000000 65.378045 6619.308153 5674.990238 1025.576746 5683.414891 4025.864533 7782.955267 402.057642 4249.656188 5302.264797 4213.232555 832.577597 60.742190 181.749993 6622.313144 7483.701294 3979.526502 6993.386691 3498.408800 8071.439444 638.487673 1218.752828 8762.661252 8710.818773
HOM 9509.615264 484.705487 8350.034709 3145.661659 5728.349463 5588.834943 3160.690431 6189.720939 7712.130379 6962.560803 7945.642029 5435.828506 65.378045 0.000000 6922.839086 5978.526294 2269.091287 5986.950946 4430.428381 8086.491481 437.583934 2703.716528 5605.800820 2876.008924 2310.587843 21.760883 202.465874 6925.844077 7787.237507 4384.090349 7296.922904 3373.077060 8374.975657 685.390213 2874.884052 9066.197466 9014.354987
LOX 3276.288621 3646.612899 2816.923419 2782.390682 634.733089 693.864261 2759.460730 100.386217 2016.396101 1911.381816 2629.878388 605.000293 6619.308153 6922.839086 0.000000 697.378595 3375.478945 805.317254 4171.264965 2039.272920 6803.382557 3538.144507 621.428951 3259.766471 3386.637741 7025.860075 7188.049309 8.289899 1929.285762 4124.926919 1810.186860 2874.631271 3551.270966 2646.394290 2533.573412 4739.110861 3008.287534
MAC 3216.213789 4167.623373 2711.018529 3024.875517 667.232815 626.340929 3105.334517 749.045558 2078.062053 1997.881056 2523.954420 195.559054 5674.990238 5978.526294 697.378595 0.000000 3252.454579 9.640745 4055.922285 2269.051555 5859.475648 2624.102093 187.525251 2693.292121 2580.967263 6081.547283 6243.726517 755.986984 2206.845977 4009.584238 1913.745614 2495.585849 2807.648785 2981.833701 2267.414423 4679.216993 2948.119568
MIC 6781.552183 487.377062 3223.741391 1109.914498 2475.566437 2335.913697 1066.067502 2643.918950 4984.350871 2268.784085 2819.829981 1712.755789 1025.576746 2269.091287 3375.478945 3252.454579 0.000000 3260.870599 2596.547737 5359.798237 572.332732 1047.698521 1711.045550 1043.395709 30.251883 848.998929 826.513316 3378.495599 1975.454156 2550.209897 2264.195292 1075.809357 5646.900246 367.066064 763.945943 6338.134414 6286.246783
MON 3203.089189 4176.066547 2697.874967 3033.266681 599.751722 673.820688 3113.739271 650.054974 2064.939162 1984.676315 2510.810859 196.848974 5683.414891 5986.950946 805.317254 9.640745 3260.870599 0.000000 4064.327630 2255.910333 5867.900300 2632.497490 188.747822 2701.687518 2589.370323 6089.971936 6252.151169 759.742342 2193.702920 4017.989584 1900.562419 2503.989854 2794.525955 2990.287619 2275.813086 4666.092393 2934.994968
MUS 5633.751467 2747.340864 4957.381592 281.309324 3366.160668 4063.637455 213.614598 4562.729557 4446.948896 3294.563603 4818.544225 3195.286705 4025.864533 4430.428381 4171.264965 4055.922285 2596.547737 4064.327630 0.000000 5031.113532 3212.855212 574.766528 3383.213251 655.698845 2589.046896 4533.448048 4494.480474 4174.294917 5529.077153 3.684945 3402.322956 292.407275 6165.109560 2577.113091 772.566622 5190.333881 7290.097581
MYO 617.211977 5671.807240 413.351538 3620.615482 1923.008377 1951.327706 3140.498146 2104.271546 326.446503 461.670196 408.573124 1633.594265 7782.955267 8086.491481 2039.272920 2269.051555 5359.798237 2255.910333 5031.113532 0.000000 5607.246511 2500.700672 1495.440510 2649.762333 5355.293405 8189.512471 5813.575189 2117.109924 61.583641 4984.775486 453.427965 2185.974548 582.483812 5591.922284 2479.745372 623.126993 546.087114
NEW 7030.269577 208.203406 5870.706670 1271.799495 5606.103975 5466.594639 1438.623222 6070.248698 5232.869301 4482.515015 5466.313989 5317.199361 402.057642 437.583934 6803.382557 5859.475648 572.332732 5867.900300 3212.855212 5607.246511 0.000000 1447.458865 5486.690179 1214.914636 567.958902 433.782464 340.184422 6806.387549 5308.033219 3166.517337 4816.206131 1350.314835 5895.629971 409.644504 1042.849135 6586.851780 6535.009301
OCH 4091.291493 1165.768565 3064.734153 455.134323 2347.351299 2206.175051 475.655027 2804.424815 2311.527561 2289.117257 4745.971238 2277.248491 4249.656188 2703.716528 3538.144507 2624.102093 1047.698521 2632.497490 574.766528 2500.700672 1447.458865 0.000000 2248.108436 12.893075 1053.023928 2806.736217 4717.387980 3541.144285 2997.897699 616.418597 2519.665919 446.838575 4623.008743 1084.671257 568.861875 3647.874018 3156.220739
ORN 2847.492220 2866.013044 2341.817172 1695.116283 536.067226 561.232653 1866.722827 580.723361 1723.654926 1364.067324 2154.753063 98.717712 5302.264797 5605.800820 621.428951 187.525251 1711.045550 188.747822 3383.213251 1495.440510 5486.690179 2248.108436 0.000000 2317.375822 1846.993229 5708.822005 5870.987227 653.114999 1635.942588 3336.875289 1438.744399 1870.913571 2044.616046 1707.806888 2256.146501 4310.661656 2579.276794
ORY 4240.756788 1291.899477 3215.840959 465.369454 2671.347427 2530.124322 485.037074 2526.508138 2461.473763 1831.183943 4897.078044 1552.242347 4213.232555 2876.008924 3259.766471 2693.292121 1043.395709 2701.687518 655.698845 2649.762333 1214.914636 12.893075 2317.375822 0.000000 1048.695735 2979.028707 4680.974935 3262.775351 3146.997066 577.074902 2011.285987 465.014383 4772.588554 1051.458758 585.856102 3797.339293 3305.800560
OTO 6778.818094 490.004889 3220.707050 1038.549652 2477.611468 2337.852312 1059.882813 2655.011712 4980.949256 1755.683478 2816.414120 1748.847328 832.577597 2310.587843 3386.637741 2580.967263 30.251883 2589.370323 2589.046896 5355.293405 567.958902 1053.023928 1846.993229 1048.695735 0.000000 891.159738 870.451880 3389.654407 5055.922496 2542.709056 2262.034961 1109.733375 5644.166087 377.040964 781.212293 6335.400276 6283.745082
PAN 9612.636254 494.850735 8453.055699 3248.682725 5831.370453 5691.855933 3263.710098 6292.741929 7815.151369 7065.581793 8048.663019 5538.849496 60.742190 21.760883 7025.860075 6081.547283 848.998929 6089.971936 4533.448048 8189.512471 433.782464 2806.736217 5708.822005 2979.028707 891.159738 0.000000 202.903241 7028.865067 7890.258497 4487.110016 7399.943894 3476.096823 8477.996647 684.542857 2977.703888 9169.218456 9117.375977
PON 7236.681691 404.025706 6076.904551 1563.199965 5992.569994 5853.060659 3224.858257 6454.926285 5439.196806 4689.548329 5672.511870 5701.011859 181.749993 202.465874 7188.049309 6243.726517 826.513316 6252.151169 4494.480474 5813.575189 340.184422 4717.387980 5870.987227 4680.974935 870.451880 202.903241 0.000000 7191.054301 5514.321215 4448.142442 5023.812177 1646.600579 6102.042084 631.047066 2538.501044 6793.263893 6741.421414
PRO 1880.185641 3649.617883 2990.521182 2785.407860 653.049084 712.189337 2762.499037 107.479518 2094.253380 1988.581041 2803.476151 613.891980 6622.313144 6925.844077 8.289899 755.986984 3378.495599 759.742342 4174.294917 2117.109924 6806.387549 3541.144285 653.114999 3262.775351 3389.654407 7028.865067 7191.054301 0.000000 2006.557120 4127.956871 1887.193261 2877.637010 2154.719322 2649.635662 2536.598823 4912.734726 3181.911399
PTE 609.293492 5372.602723 417.391374 4118.560083 1908.462929 1936.798534 3637.932427 2205.752915 316.187805 482.304081 414.775218 1468.703283 7483.701294 7787.237507 1929.285762 2206.845977 1975.454156 2193.702920 5529.077153 61.583641 5308.033219 2997.897699 1635.942588 3146.997066 5055.922496 7890.258497 5514.321215 2006.557120 0.000000 5482.739106 470.952218 2682.599100 593.635736 5292.241522 2173.942082 614.968549 579.006149
RAT 5587.413421 2701.002667 4911.043545 276.480951 3319.822622 4017.299409 201.738931 4516.391511 4400.610850 3248.225557 4772.206179 3148.948582 3979.526502 4384.090349 4124.926919 4009.584238 2550.209897 4017.989584 3.684945 4984.775486 3166.517337 616.418597 3336.875289 577.074902 2542.709056 4487.110016 4448.142442 4127.956871 5482.739106 0.000000 3355.984910 277.568911 6118.771514 2530.774776 2185.872252 5143.995835 7243.759535
SOR 731.602548 2580.769163 513.880162 3153.948814 1781.546091 1809.922032 2419.493341 1502.634605 435.946621 154.789654 550.806102 1315.585348 6993.386691 7296.922904 1810.186860 1913.745614 2264.195292 1900.562419 3402.322956 453.427965 4816.206131 2519.665919 1438.744399 2011.285987 2262.034961 7399.943894 5023.812177 1887.193261 470.952218 3355.984910 0.000000 2651.868016 664.023466 2125.011963 1659.259249 711.626483 642.066273
SPE 4999.836505 1182.740256 2841.476342 155.022203 2055.545786 1806.976279 171.564227 3266.146307 3762.215673 2914.993797 4521.488352 1603.737541 3498.408800 3373.077060 2874.631271 2495.585849 1075.809357 2503.989854 292.407275 2185.974548 1350.314835 446.838575 1870.913571 465.014383 1109.733375 3476.096823 1646.600579 2877.637010 2682.599100 277.568911 2651.868016 0.000000 5530.995308 1065.278713 642.943376 4556.418977 3776.744470
SUS 98.108177 6055.915773 654.588572 4948.199335 2208.677172 2236.956275 5707.255333 2329.149448 523.457585 629.460831 682.352383 2473.788973 8071.439444 8374.975657 3551.270966 2807.648785 5646.900246 2794.525955 6165.109560 582.483812 5895.629971 4623.008743 2044.616046 4772.588554 5644.166087 8477.996647 6102.042084 2154.719322 593.635736 6118.771514 664.023466 5530.995308 0.000000 3626.114071 3220.591402 97.581672 100.263127
TAR 4758.370818 364.131090 5855.971933 1082.684489 3503.189710 3363.582418 1051.109344 2954.982707 5218.669938 2411.733000 5451.664411 1693.758409 638.487673 685.390213 2646.394290 2981.833701 367.066064 2990.287619 2577.113091 5591.922284 409.644504 1084.671257 1707.806888 1051.458758 377.040964 684.542857 631.047066 2649.635662 5292.241522 2530.774776 2125.011963 1065.278713 3626.114071 0.000000 857.296991 4314.952998 4264.574316
TUP 4352.838670 976.006396 2068.685902 626.901613 2158.040805 2017.708584 685.867274 2923.876955 1672.359046 1618.969169 2328.256434 1375.398899 1218.752828 2874.884052 2533.573412 2267.414423 763.945943 2275.813086 772.566622 2479.745372 1042.849135 568.861875 2256.146501 585.856102 781.212293 2977.703888 2538.501044 2536.598823 2173.942082 2185.872252 1659.259249 642.943376 3220.591402 857.296991 0.000000 3909.420978 3857.642748
TUR 21.751513 6747.137544 805.100348 3973.519675 4717.133822 4745.412458 4732.415083 4402.586331 539.143185 717.258389 620.001047 4144.624547 8762.661252 9066.197466 4739.110861 4679.216993 6338.134414 4666.092393 5190.333881 623.126993 6586.851780 3647.874018 4310.661656 3797.339293 6335.400276 9169.218456 6793.263893 4912.734726 614.968549 5143.995835 711.626483 4556.418977 97.581672 4314.952998 3909.420978 0.000000 138.333736
VIC 137.879328 6695.295065 559.780141 5880.551510 2985.451899 3013.730578 3952.996909 2671.762903 475.302507 652.825390 707.028611 2414.044177 8710.818773 9014.354987 3008.287534 2948.119568 6286.246783 2934.994968 7290.097581 546.087114 6535.009301 3156.220739 2579.276794 3305.800560 6283.745082 9117.375977 6741.421414 3181.911399 579.006149 7243.759535 642.066273 3776.744470 100.263127 4264.574316 3857.642748 138.333736 0.000000
