37
BOS 0.000000 6573.796816 627.561283 6510.557488 4361.751941 4280.072230 6186.048331 3980.950789 549.536029 775.400566 660.128195 4493.501117 9259.367234 9159.506849 5463.931659 5781.080372 6005.797063 4945.580864 6826.134883 625.183501 6810.612899 5993.771000 3308.057652 6440.678371 5983.299820 9159.988194 6692.737874 5122.464254 628.883724 6623.187263 716.121422 6667.408697 91.450113 6786.825528 4745.232822 22.021080 139.539155
CAL 6573.796816 0.000000 5360.674087 1232.510121 3145.678263 3431.576498 1733.448507 3155.988213 4367.009927 4692.128554 5626.413053 3098.118076 479.733384 501.701289 2398.895119 2777.979523 514.224524 3525.244816 1768.010364 4557.234689 206.212176 1507.516508 3307.794225 1143.334281 541.249203 546.571394 425.170149 3324.941674 4816.617238 1634.701636 4944.855067 1590.882241 6563.492956 387.540790 923.881853 5699.599442 7359.721345
CAN 627.561283 5360.674087 0.000000 3712.073210 2202.884199 2121.204021 5306.690545 2505.895705 307.475524 509.149193 18.242284 1890.654097 8144.136701 8044.276316 3131.743274 3419.133635 2977.479556 2583.620843 5946.483409 383.843047 5695.785530 2875.251718 1788.997265 3321.663852 2955.353215 8044.757660 5480.046607 2790.275757 397.236772 5743.535789 514.498712 3767.458346 609.476602 3306.893404 2463.603378 588.900104 591.014162
CAV 6510.557488 1232.510121 3712.073210 0.000000 2900.053655 2344.404101 179.823374 2221.928830 3726.216537 1978.466975 2944.699452 1633.904086 4418.327246 4318.467773 3193.327973 2472.544789 1108.945301 3217.771167 263.254042 3033.768631 1511.327570 452.905895 2211.712217 460.018596 1164.177901 4318.949111 1924.929215 2849.169362 3045.859141 247.719703 2039.922884 151.973899 6500.253755 1085.988022 673.467736 5636.477387 5478.918442
CHO 4361.751941 3145.678263 2202.884199 2900.053655 0.000000 3.916017 2646.537472 634.860251 1967.492388 1422.627393 2200.563409 567.213706 5927.965738 5828.105353 653.044618 718.376780 2221.170124 687.282848 3955.440450 1975.250206 2840.297484 3435.589359 557.631382 2886.476223 2483.983102 5828.586698 4130.149553 631.567060 1955.926201 3752.495276 1409.320376 2769.277499 4351.448289 2277.758253 2274.146865 5091.838922 2392.126498
DAS 4280.072230 3431.576498 2121.204021 2344.404101 3.916017 0.000000 2091.214352 533.576656 1885.117179 2704.290695 2118.737108 574.953784 6213.678994 6113.818609 703.873372 719.653161 2506.787199 688.571102 3399.927597 1893.857068 3126.010740 2879.949986 559.218967 2330.836849 2769.589454 6114.299954 4415.723509 682.326444 1874.564567 3196.982424 2690.958745 2213.258722 4269.768578 2563.391411 1719.665188 5010.198775 2310.437499
DIP 6186.048331 1733.448507 5306.690545 179.823374 2646.537472 2091.214352 0.000000 3001.223413 3405.950980 3421.626165 4443.699419 1735.960955 4414.412939 4314.553568 3972.320265 2595.000837 1240.099908 3340.104059 230.928298 3868.373302 1465.284140 468.780936 1935.083603 485.057691 1083.659582 4315.034907 2072.566548 3628.161431 3880.068105 191.625894 1842.261992 180.353039 6175.744598 1061.086951 655.495525 5311.999908 5155.855360
ECH 3980.950789 3155.988213 2505.895705 2221.928830 634.860251 533.576656 3001.223413 0.000000 2386.319963 2296.526893 2763.675735 584.850113 5375.673199 5275.812814 106.121180 797.914843 2790.565309 797.479518 3361.656190 1933.038351 3473.796503 2726.510619 622.537901 2177.377135 2501.918210 5276.294159 5050.173323 99.436162 2523.137334 3158.711016 2345.042316 2199.803988 3970.647138 2353.623653 1452.654669 5105.356010 2210.206309
EQU 549.536029 4367.009927 307.475524 3726.216537 1967.492388 1885.117179 3405.950980 2386.319963 0.000000 430.246745 331.788817 1350.242579 7052.759015 6952.898630 3012.172730 2815.997452 2488.583010 1980.492140 4046.357556 345.489407 4603.622206 3887.288117 1504.593878 4334.585581 2466.106178 6953.379975 4486.058616 2670.705325 343.053755 3843.412383 431.722460 3883.869203 495.631167 2415.040075 1703.826454 532.127767 494.172330
ERI 775.400566 4692.128554 509.149193 1978.466975 1422.627393 2704.290695 3421.626165 2296.526893 430.246745 0.000000 513.942850 1321.382121 7426.567169 7326.706784 2922.281871 2803.004332 4118.409201 1967.527500 4061.989646 433.630770 4978.423040 2820.743743 1357.722984 3267.655294 4095.214389 7327.188128 4810.923306 2580.814725 444.218686 3859.044472 153.902625 3797.386560 671.161120 1807.614388 1595.136592 724.767421 677.016774
FEL 660.128195 5626.413053 18.242284 2944.699452 2200.563409 2118.737108 4443.699419 2763.675735 331.788817 513.942850 0.000000 1518.692120 8409.911158 8310.050773 3389.545467 2958.329850 3241.821597 2122.842136 5083.468598 402.685468 5961.542887 3143.020077 1628.572296 3589.540057 3219.666683 8310.532118 5745.781942 3048.077836 405.799054 4880.520978 496.071414 4297.488158 627.703414 3571.186665 1891.900191 600.344155 595.049595
GAL 4493.501117 3098.118076 1890.654097 1633.904086 567.213706 574.953784 1735.960955 584.850113 1350.242579 1321.382121 1518.692120 0.000000 4870.810058 4770.948630 781.619359 203.197033 1704.062261 198.050722 2882.644177 1436.046893 1913.696922 2566.480134 90.770983 2017.808781 1965.888471 4771.429974 4108.079147 634.723656 1421.104043 2679.697772 1327.338351 1726.744952 4483.197538 1766.598078 1325.755600 4592.660514 1836.467674
GOR 9259.367234 479.733384 8144.136701 4418.327246 5927.965738 6213.678994 4414.412939 5375.673199 7052.759015 7426.567169 8409.911158 4870.810058 0.000000 60.555387 5714.510119 6143.602919 902.937256 6891.063713 5021.113322 7243.505502 423.560245 4234.156196 5437.067623 4274.455924 960.581715 59.494944 186.230027 6640.556673 7599.731789 4887.763222 6454.510341 4325.905415 9249.063374 725.783067 4355.664211 8385.162261 10045.620158
HOM 9159.506849 501.701289 8044.276316 4318.467773 5828.105353 6113.818609 4314.553568 5275.812814 6952.898630 7326.706784 8310.050773 4770.948630 60.555387 0.000000 5614.649734 6043.742535 2352.790864 6791.203328 4921.253248 7143.645117 439.515368 4134.337437 5337.207238 4174.637165 2263.228717 23.016237 187.174874 6540.696288 7499.871404 4787.903148 6354.649956 4226.045290 9149.202990 766.264766 4255.804864 8285.301876 9945.759773
LOX 5463.931659 2398.895119 3131.743274 3193.327973 653.044618 703.873372 3972.320265 106.121180 3012.172730 2922.281871 3389.545467 781.619359 5714.510119 5614.649734 0.000000 888.835799 2573.616859 888.398381 4333.072017 3205.016132 3812.582568 3840.026207 751.683203 3290.892723 2286.069749 5615.131078 5388.984478 7.322239 3148.916753 4130.126843 2970.884789 3171.007741 5453.628007 2692.385306 3069.606332 6588.652081 3692.708366
MAC 5781.080372 2777.979523 3419.133635 2472.544789 718.376780 719.653161 2595.000837 797.914843 2815.997452 2803.004332 2958.329850 203.197033 6143.602919 6043.742535 888.835799 0.000000 2804.879773 7.274940 3952.984880 2923.687177 3104.106631 3225.365636 196.832186 2676.263755 2764.607894 6044.223879 5086.423431 948.176808 2910.949471 3750.039706 2768.448432 2776.991163 5770.776721 2782.083463 2254.159945 5879.391802 3121.209563
MIC 6005.797063 514.224524 2977.479556 1108.945301 2221.170124 2506.787199 1240.099908 2790.565309 2488.583010 4118.409201 3241.821597 1704.062261 902.937256 2352.790864 2573.616859 2804.879773 0.000000 2702.212522 1315.016147 2849.437118 540.621874 1033.436558 1738.239121 1081.538894 27.916881 924.279648 787.660548 3499.663081 2528.762726 2604.610728 3190.280205 1068.721368 5995.493204 379.430748 767.261856 5131.582839 3986.171889
MON 4945.580864 3525.244816 2583.620843 3217.771167 687.282848 688.571102 3340.104059 797.479518 1980.492140 1967.527500 2122.842136 198.050722 6891.063713 6791.203328 888.398381 7.274940 2702.212522 0.000000 4698.215523 2088.177462 3851.449642 3970.841670 194.693928 3421.739789 2662.325194 6791.684673 5833.667480 947.739849 2075.444243 4495.270350 1932.979326 3522.619285 4935.277213 2676.881918 2154.928082 5043.892240 2285.718485
MUS 6826.134883 1768.010364 5946.483409 263.254042 3955.440450 3399.927597 230.928298 3361.656190 4046.357556 4061.989646 5083.468598 2882.644177 5021.113322 4921.253248 4333.072017 3952.984880 1315.016147 4698.215523 0.000000 4509.320134 1929.806694 610.595119 2940.324957 579.978004 1356.665323 4921.734587 2178.974177 3988.913406 4520.985519 4.882586 4123.465178 281.463427 6815.831149 1650.303799 1329.830071 5952.093210 5795.928474
MYO 625.183501 4557.234689 383.843047 3033.768631 1975.250206 1893.857068 3868.373302 1933.038351 345.489407 433.630770 402.685468 1436.046893 7243.505502 7143.645117 3205.016132 2923.687177 2849.437118 2088.177462 4509.320134 0.000000 4794.704237 3261.548479 1502.466071 3708.632776 2826.683692 7144.126461 4676.309734 1684.505193 64.768584 4306.374960 445.552540 2426.618932 602.710081 4963.260372 1721.168207 605.590927 541.951413
NEW 6810.612899 206.212176 5695.785530 1511.327570 2840.297484 3126.010740 1465.284140 3473.796503 4603.622206 4978.423040 5961.542887 1913.696922 423.560245 439.515368 3812.582568 3104.106631 540.621874 3851.449642 1929.806694 4794.704237 0.000000 1458.151143 3585.919714 1182.834355 550.749977 478.182029 351.214881 4738.629123 5151.348338 1796.475130 4006.352221 1286.591530 6800.309039 414.596092 994.041194 5936.407926 7596.752216
OCH 5993.771000 1507.516508 2875.251718 452.905895 3435.589359 2879.949986 468.780936 2726.510619 3887.288117 2820.743743 3143.020077 2566.480134 4234.156196 4134.337437 3840.026207 3225.365636 1033.436558 3970.841670 610.595119 3261.548479 1458.151143 0.000000 3126.556923 10.966066 1048.694581 4134.778064 5414.305684 3493.566139 3274.668582 2090.359033 2284.562385 466.106817 5983.467267 986.390350 606.550545 5119.698558 4963.366171
ORN 3308.057652 3307.794225 1788.997265 2211.712217 557.631382 559.218967 1935.083603 622.537901 1504.593878 1357.722984 1628.572296 90.770983 5437.067623 5337.207238 751.683203 196.832186 1738.239121 194.693928 2940.324957 1502.466071 3585.919714 3126.556923 0.000000 2577.489489 2001.402443 5337.688582 3979.953252 811.069879 1597.384749 2737.380346 1689.268075 2170.723203 3297.754001 1800.335747 1427.617456 3646.377402 2120.600141
ORY 6440.678371 1143.334281 3321.663852 460.018596 2886.476223 2330.836849 485.057691 2177.377135 4334.585581 3267.655294 3589.540057 2017.808781 4274.455924 4174.637165 3290.892723 2676.263755 1081.538894 3421.739789 579.978004 3708.632776 1182.834355 10.966066 2577.489489 0.000000 1096.770995 4175.077792 5454.570726 2944.432655 3721.772325 2159.684059 2731.303804 459.682575 6430.374637 1310.236173 611.187405 5566.605928 5410.280483
OTO 5983.299820 541.249203 2955.353215 1164.177901 2483.983102 2769.589454 1083.659582 2501.918210 2466.106178 4095.214389 3219.666683 1965.888471 960.581715 2263.228717 2286.069749 2764.607894 27.916881 2662.325194 1356.665323 2826.683692 550.749977 1048.694581 2001.402443 1096.770995 0.000000 981.893752 796.904690 3212.116084 2506.335948 2646.182313 3167.558816 1071.217130 5972.995960 367.198543 772.090826 5109.085675 3963.617087
PAN 9159.988194 546.571394 8044.757660 4318.949111 5828.586698 6114.299954 4315.034907 5276.294159 6953.379975 7327.188128 8310.532118 4771.429974 59.494944 23.016237 5615.131078 6044.223879 924.279648 6791.684673 4921.734587 7144.126461 478.182029 4134.778064 5337.688582 4175.077792 981.893752 0.000000 195.886914 6541.177633 7500.352749 4788.384487 6355.131301 4226.526629 9149.684334 771.467217 4256.286206 8285.783221 9946.241118
PON 6692.737874 425.170149 5480.046607 1924.929215 4130.149553 4415.723509 2072.566548 5050.173323 4486.058616 4810.923306 5745.781942 4108.079147 186.230027 187.174874 5388.984478 5086.423431 787.660548 5833.667480 2178.974177 4676.309734 351.214881 5414.305684 3979.953252 5454.570726 796.904690 195.886914 0.000000 6315.030923 4935.973267 2045.651062 5063.798472 2032.832504 6682.434014 684.439915 1203.607774 5818.540536 7478.864759
PRO 5122.464254 3324.941674 2790.275757 2849.169362 631.567060 682.326444 3628.161431 99.436162 2670.705325 2580.814725 3048.077836 634.723656 6640.556673 6540.696288 7.322239 948.176808 3499.663081 947.739849 3988.913406 1684.505193 4738.629123 3493.566139 811.069879 2944.432655 3212.116084 6541.177633 6315.030923 0.000000 1629.556542 3785.968232 2629.417084 2826.849130 5112.160603 3618.431603 2723.145891 6247.184564 3351.240961
PTE 628.883724 4816.617238 397.236772 3045.859141 1955.926201 1874.564567 3880.068105 2523.137334 343.053755 444.218686 405.799054 1421.104043 7599.731789 7499.871404 3148.916753 2910.949471 2528.762726 2075.444243 4520.985519 64.768584 5151.348338 3274.668582 1597.384749 3721.772325 2506.335948 7500.352749 4935.973267 1629.556542 0.000000 4318.040345 451.683462 2438.452601 603.859455 3482.519974 1688.382395 607.597206 552.712193
RAT 6623.187263 1634.701636 5743.535789 247.719703 3752.495276 3196.982424 191.625894 3158.711016 3843.412383 3859.044472 4880.520978 2679.697772 4887.763222 4787.903148 4130.126843 3750.039706 2604.610728 4495.270350 4.882586 4306.374960 1796.475130 2090.359033 2737.380346 2159.684059 2646.182313 4788.384487 2045.651062 3785.968232 4318.040345 0.000000 3920.517558 279.302582 6612.883529 1517.275206 761.297574 5749.145590 5592.980854
SOR 716.121422 4944.855067 514.498712 2039.922884 1409.320376 2690.958745 1842.261992 2345.042316 431.722460 153.902625 496.071414 1327.338351 6454.510341 6354.649956 2970.884789 2768.448432 3190.280205 1932.979326 4123.465178 445.552540 4006.352221 2284.562385 1689.268075 2731.303804 3167.558816 6355.131301 5063.798472 2629.417084 451.683462 3920.517558 0.000000 3861.511621 696.487919 2121.803521 1559.181556 750.135965 664.639141
SPE 6667.408697 1590.882241 3767.458346 151.973899 2769.277499 2213.258722 180.353039 2199.803988 3883.869203 3797.386560 4297.488158 1726.744952 4325.905415 4226.045290 3171.007741 2776.991163 1068.721368 3522.619285 281.463427 2426.618932 1286.591530 466.106817 2170.723203 459.682575 1071.217130 4226.526629 2032.832504 2826.849130 2438.452601 279.302582 3861.511621 0.000000 6657.104963 1068.586289 639.631920 5793.328484 5635.578657
SUS 91.450113 6563.492956 609.476602 6500.253755 4351.448289 4269.768578 6175.744598 3970.647138 495.631167 671.161120 627.703414 4483.197538 9249.063374 9149.202990 5453.628007 5770.776721 5995.493204 4935.277213 6815.831149 602.710081 6800.309039 5983.467267 3297.754001 6430.374637 5972.995960 9149.684334 6682.434014 5112.160603 603.859455 6612.883529 696.487919 6657.104963 0.000000 6776.521668 4734.928962 97.267270 108.193625
TAR 6786.825528 387.540790 3306.893404 1085.988022 2277.758253 2563.391411 1061.086951 2353.623653 2415.040075 1807.614388 3571.186665 1766.598078 725.783067 766.264766 2692.385306 2782.083463 379.430748 2676.881918 1650.303799 4963.260372 414.596092 986.390350 1800.335747 1310.236173 367.198543 771.467217 684.439915 3618.431603 3482.519974 1517.275206 2121.803521 1068.586289 6776.521668 0.000000 779.606948 5912.566468 7573.417334
TUP 4745.232822 923.881853 2463.603378 673.467736 2274.146865 1719.665188 655.495525 1452.654669 1703.826454 1595.136592 1891.900191 1325.755600 4355.664211 4255.804864 3069.606332 2254.159945 767.261856 2154.928082 1329.830071 1721.168207 994.041194 606.550545 1427.617456 611.187405 772.090826 4256.286206 1203.607774 2723.145891 1688.382395 761.297574 1559.181556 639.631920 4734.928962 779.606948 0.000000 3871.083539 3321.424160
TUR 22.021080 5699.599442 588.900104 5636.477387 5091.838922 5010.198775 5311.999908 5105.356010 532.127767 724.767421 600.344155 4592.660514 8385.162261 8285.301876 6588.652081 5879.391802 5131.582839 5043.892240 5952.093210 605.590927 5936.407926 5119.698558 3646.377402 5566.605928 5109.085675 8285.783221 5818.540536 6247.184564 607.597206 5749.145590 750.135965 5793.328484 97.267270 5912.566468 3871.083539 0.000000 137.952924
VIC 139.539155 7359.721345 591.014162 5478.918442 2392.126498 2310.437499 5155.855360 2210.206309 494.172330 677.016774 595.049595 1836.467674 10045.620158 9945.759773 3692.708366 3121.209563 3986.171889 2285.718485 5795.928474 541.951413 7596.752216 4963.366171 2120.600141 5410.280483 3963.617087 9946.241118 7478.864759 3351.240961 552.712193 5592.980854 664.639141 5635.578657 108.193625 7573.417334 3321.424160 137.952924 0.000000
