11
0 0 47.645229 170.460117 91.783265 38.299364 72.283885 20.500431 83.148298 102.058877 148.080876 37.243029
1 47.645229 0 154.392172 167.856738 55.747940 85.966172 47.056690 59.987723 60.714192 167.898209 56.404682
10 170.460117 154.392172 0 3.185727 176.757197 16.459544 84.346245 210.889934 270.910012 210.056533 164.520716
2 91.783265 167.856738 3.185727 0 190.473077 14.923926 84.646533 224.354501 284.374578 223.521099 178.118814
3 38.299364 55.747940 176.757197 190.473077 0 82.285432 42.357320 106.659456 134.466288 169.715829 4.959241
4 72.283885 85.966172 16.459544 14.923926 82.285432 0 77.274531 164.577193 224.588640 163.748627 117.280024
5 20.500431 47.056690 84.346245 84.646533 42.357320 77.274531 0 85.369454 143.392863 90.591219 39.583066
6 83.148298 59.987723 210.889934 224.354501 106.659456 164.577193 85.369454 0 16.548506 16.569602 117.359308
7 102.058877 60.714192 270.910012 284.374578 134.466288 224.588640 143.392863 16.548506 0 3.158496 105.353863
8 148.080876 167.898209 210.056533 223.521099 169.715829 163.748627 90.591219 16.569602 3.158496 0 180.414480
9 37.243029 56.404682 164.520716 178.118814 4.959241 117.280024 39.583066 117.359308 105.353863 180.414480 0
