11
0 0.000000 42.083012 42.375082 35.273339 43.440287 36.702028 40.076068 42.365197 43.422931 43.639720 40.358137
1 42.083012 0.000000 48.441207 37.877249 34.159542 38.851595 40.956704 31.339603 51.203504 37.681375 48.163345
10 42.375082 48.441207 0.000000 49.096916 47.533285 44.052860 48.012473 50.850171 22.185749 49.182207 23.760977
2 35.273339 37.877249 49.096916 0.000000 41.950936 39.170873 39.288371 41.612319 42.957997 35.892034 46.516254
3 43.440287 34.159542 47.533285 41.950936 0.000000 40.065325 40.736732 23.540952 49.598000 44.228678 50.447761
4 36.702028 38.851595 44.052860 39.170873 40.065325 0.000000 37.815376 41.828536 45.196104 40.478077 43.385958
5 40.076068 40.956704 48.012473 39.288371 40.736732 37.815376 0.000000 40.662589 48.481618 25.828614 51.782992
6 42.365197 31.339603 50.850171 41.612319 23.540952 41.828536 40.662589 0.000000 52.218675 42.526345 50.379264
7 43.422931 51.203504 22.185749 42.957997 49.598000 45.196104 48.481618 52.218675 0.000000 48.353949 23.004515
8 43.639720 37.681375 49.182207 35.892034 44.228678 40.478077 25.828614 42.526345 48.353949 0.000000 45.949867
9 40.358137 48.163345 23.760977 46.516254 50.447761 43.385958 51.782992 50.379264 23.004515 45.949867 0.000000
