11
0 0.000000 40.219845 41.584371 42.349304 44.613003 35.815823 44.816935 40.489892 38.000683 32.521052 45.870369
1 40.219845 0.000000 33.166884 35.827371 42.925539 43.269104 42.442282 33.088165 47.823035 41.527490 46.764947
10 41.584371 33.166884 0.000000 37.821291 44.355973 43.461687 40.067649 36.191465 40.849925 44.986911 43.959610
2 42.349304 35.827371 37.821291 0.000000 38.512662 43.065909 42.792401 38.674722 42.379940 42.786033 40.286436
3 44.613003 42.925539 44.355973 38.512662 0.000000 50.349611 31.049637 39.401082 49.459814 44.438092 26.454827
4 35.815823 43.269104 43.461687 43.065909 50.349611 0.000000 48.740101 48.444641 18.498134 39.260830 47.845715
5 44.816935 42.442282 40.067649 42.792401 31.049637 48.740101 0.000000 43.977252 49.496105 41.718782 26.288908
6 40.489892 33.088165 36.191465 38.674722 39.401082 48.444641 43.977252 0.000000 45.871471 38.087691 42.056956
7 38.000683 47.823035 40.849925 42.379940 49.459814 18.498134 49.496105 45.871471 0.000000 36.898582 49.248419
8 32.521052 41.527490 44.986911 42.786033 44.438092 39.260830 41.718782 38.087691 36.898582 0.000000 44.718044
9 45.870369 46.764947 43.959610 40.286436 26.454827 47.845715 26.288908 42.056956 49.248419 44.718044 0.000000
