37
BOS 0.000000 6972.924973 612.826643 5993.094496 4178.724871 5034.855547 5545.227827 4822.121194 504.068294 738.474204 664.824341 4070.543677 9309.712803 9122.116677 5608.986989 4577.079469 6828.847034 4560.656222 6694.646576 607.994256 5528.146732 5840.132809 4440.678033 5891.970672 6770.163790 9370.619182 8548.438081 4772.691954 594.170146 6645.607240 700.613425 5527.166094 93.945364 5524.002660 4566.894103 24.447915 133.619339
CAL 6972.924973 0.000000 3395.618486 1289.025679 3221.542630 2666.797306 1410.696509 1926.884964 5241.949225 4415.812681 4207.911314 1867.497855 515.693732 517.084806 3978.893039 2384.250068 501.756543 2884.114457 1733.646507 3980.666626 196.625234 1577.499545 2139.333435 1419.344018 512.918788 470.572335 360.641044 4922.218087 4377.079287 1732.324836 2792.823179 1229.208203 7423.186652 353.316117 959.168298 6972.149694 6588.690783
CAN 612.826643 3395.618486 0.000000 5209.415641 2507.511504 3363.745482 4762.199248 2522.720404 321.851829 542.936868 16.304918 2229.799342 7689.626097 7502.029971 3999.457031 2683.728081 3734.212575 2667.394542 3801.806781 402.974450 5948.224764 3574.262333 2156.514747 3626.112202 3675.545981 7750.532476 6928.351376 3163.101551 420.333123 3752.767445 519.129447 4742.044163 612.217643 3840.215103 2098.335634 645.662661 560.584720
CAV 5993.094496 1289.025679 5209.415641 0.000000 3245.431177 2690.693808 176.197932 2787.709458 2171.804534 2545.083484 4728.645474 1623.505575 2996.399594 4180.211078 2926.522236 2594.327953 1212.353358 2261.997335 285.421545 4864.205255 1386.901448 458.640835 2182.781906 460.952354 1145.379816 3057.305818 5292.210923 2731.877895 4407.062070 275.415630 1739.786588 153.796306 6443.191474 1086.152880 650.154153 5992.319217 5608.773913
CHO 4178.724871 3221.542630 2507.511504 3245.431177 0.000000 5.033713 2948.172274 537.718625 1898.681709 1786.311300 1989.221734 539.701893 7111.485728 6923.890704 653.806710 670.765879 4139.878808 606.179734 3946.917130 1973.810149 4535.959108 3304.536922 558.417221 3306.685154 4079.505217 7172.392106 6350.205378 649.266947 1934.221626 3897.879362 1804.343736 3625.651991 2803.151516 4585.538182 2705.963219 4177.949814 2823.848484
DAS 5034.855547 2666.797306 3363.745482 2690.693808 5.033713 0.000000 2393.451660 538.834965 2754.993993 2642.539290 2845.476997 542.302877 6556.737076 6369.142053 653.676530 622.623840 3585.116217 661.320972 3392.210806 2830.127295 3981.194482 2749.671020 557.397021 2751.819253 3524.742627 6617.643455 5795.456727 649.121249 2790.408072 3343.173039 2660.505352 3070.881565 3659.282584 4030.777671 2151.266552 5034.080490 3679.982113
DIP 5545.227827 1410.696509 4762.199248 176.197932 2948.172274 2393.451660 0.000000 1980.176242 3662.335249 3297.895499 4281.484668 1604.782674 4457.717488 1981.581933 2862.109086 2655.490611 1093.737748 2323.042072 210.998691 4415.212132 1308.461925 475.070077 1641.147534 490.748437 1336.735554 4518.623712 3093.739553 2667.945993 3958.124022 224.962110 3440.591912 187.318789 5995.325125 1082.610185 685.026345 5544.452548 5160.900278
ECH 4822.121194 1926.884964 2522.720404 2787.709458 537.718625 538.834965 1980.176242 0.000000 1715.784415 1443.549372 1819.044041 576.541909 6251.174050 6063.578983 99.335146 676.874382 2886.284798 775.062741 2923.448705 1751.868318 3677.060112 2350.074749 572.977618 2352.025473 2825.848276 6312.080429 5489.893657 101.535020 2242.412380 2874.410937 1365.179972 1883.165344 2439.806347 3582.428614 1390.678328 4821.346137 2549.989322
EQU 504.068294 5241.949225 321.851829 2171.804534 1898.681709 2754.993993 3662.335249 1715.784415 0.000000 470.689387 326.134355 1672.086251 7581.228278 7393.632152 3192.669783 1968.899985 5097.861677 1952.528537 3277.807940 324.808975 3799.390914 2766.363010 1368.951340 2818.110948 5039.179841 7642.134657 6819.953557 2356.278330 328.398433 3228.768604 463.026917 3642.134892 497.225633 3792.739026 1660.734186 527.016040 489.679361
ERI 738.474204 4415.812681 542.936868 2545.083484 1786.311300 2642.539290 3297.895499 1443.549372 470.689387 0.000000 545.269092 1347.194035 5986.652033 5799.056202 2729.355925 1957.095039 3160.986530 1940.605987 3189.390622 454.768392 4228.705270 2138.607207 1323.087239 2191.221325 3102.333124 6047.558412 5225.376247 1892.788137 467.853664 3140.351286 156.838698 3279.826793 692.642674 3881.188089 1473.896096 745.701088 701.680867
FEL 664.824341 4207.911314 16.304918 4728.645474 1989.221734 2845.476997 4281.484668 1819.044041 326.134355 545.269092 0.000000 1870.265636 8501.936766 8314.340640 3295.754454 2324.119352 4546.580958 2307.785813 3321.132698 405.902064 7149.487455 3094.053957 1796.528386 3145.903825 4487.912982 8562.843145 7740.662045 2459.411170 402.618639 3272.093361 507.060183 4261.320996 618.392932 5041.495814 2903.727606 592.826945 566.068246
GAL 4070.543677 1867.497855 2229.799342 1623.505575 539.701893 542.302877 1604.782674 576.541909 1672.086251 1347.194035 1870.265636 0.000000 5635.940532 5448.416862 761.207623 187.506082 1768.864461 193.938221 3045.479590 1549.464230 3464.817557 2013.512656 86.737102 2015.586376 2711.611019 5696.846551 1997.684927 635.531592 1487.865635 2996.441921 1448.028795 1817.058691 1941.281948 1733.287066 1393.655569 4069.768400 2399.626180
GOR 9309.712803 515.693732 7689.626097 2996.399594 7111.485728 6556.737076 4457.717488 6251.174050 7581.228278 5986.652033 8501.936766 5635.940532 0.000000 61.942110 6340.039705 6860.330349 936.612832 7360.194737 4622.454616 6559.170065 445.173246 3337.473925 6616.277604 3179.254535 821.147684 62.358608 191.669486 7283.130389 6955.537992 4621.138058 6264.141750 2999.244593 9759.959882 770.003920 2571.997899 9308.937524 8925.319363
HOM 9122.116677 517.084806 7502.029971 4180.211078 6923.890704 6369.142053 1981.581933 6063.578983 7393.632152 5799.056202 8314.340640 5448.416862 61.942110 0.000000 6152.444638 6672.735281 819.356655 7172.599670 2194.817262 6371.573939 466.453575 4525.762769 6428.682536 4367.519165 2359.003977 20.707094 204.628034 7095.535321 6767.941866 2193.503216 6076.545919 4182.985759 9572.363756 706.475813 5156.401298 9121.341398 8737.723237
LOX 5608.986989 3978.893039 3999.457031 2926.522236 653.806710 653.676530 2862.109086 99.335146 3192.669783 2729.355925 3295.754454 761.207623 6340.039705 6152.444638 0.000000 835.711589 3811.820838 786.913083 4168.249042 3229.003230 3766.823984 2856.310617 758.512849 2858.231117 3750.658577 6400.946084 5578.759312 7.993178 3028.632812 4119.211274 2808.213249 3126.437117 3226.542956 2977.875802 2282.828021 5608.211932 3336.804728
MAC 4577.079469 2384.250068 2683.728081 2594.327953 670.765879 622.623840 2655.490611 676.874382 1968.899985 1957.095039 2324.119352 187.506082 6860.330349 6672.735281 835.711589 0.000000 3520.712320 8.825878 3760.363739 2075.354049 2863.409239 2795.484457 199.439094 2797.404933 3458.723167 6921.236727 6099.049955 918.650633 2020.503235 3711.325972 1905.307147 2522.495836 2496.711866 2535.573291 1838.773313 4576.304412 2653.073338
MIC 6828.847034 501.756543 3734.212575 1212.353358 4139.878808 3585.116217 1093.737748 2886.284798 5097.861677 3160.986530 4546.580958 1768.864461 936.612832 819.356655 3811.820838 3520.712320 0.000000 3186.304686 1606.657855 5223.598876 600.525818 1139.187295 3384.351502 1374.353676 30.098606 879.373921 802.617338 4755.170283 5620.654157 1605.323232 2705.174067 1266.894198 7279.100660 370.478286 811.596800 6828.071755 6444.545589
MON 4560.656222 2884.114457 2667.394542 2261.997335 606.179734 661.320972 2323.042072 775.062741 1952.528537 1940.605987 2307.785813 193.938221 7360.194737 7172.599670 786.913083 8.825878 3186.304686 0.000000 3428.033115 2059.004310 3363.273628 2463.014555 203.795568 2464.935031 3125.180836 7421.101116 6598.914344 869.883848 2004.153553 3378.995347 1888.892025 2190.185832 2480.287483 3035.437680 1497.906763 4559.881165 2636.674250
MUS 6694.646576 1733.646507 3801.806781 285.421545 3946.917130 3392.210806 210.998691 2923.448705 3277.807940 3189.390622 3321.132698 3045.479590 4622.454616 2194.817262 4168.249042 3760.363739 1606.657855 3428.033115 0.000000 5464.716005 2026.034570 643.043673 1770.858801 637.971087 1698.873561 4683.361174 3306.698574 3973.930427 5006.003287 3.447106 3330.632176 287.958417 7144.743835 1573.437508 795.712156 6693.871298 6310.316480
MYO 607.994256 3980.666626 402.974450 4864.205255 1973.810149 2830.127295 4415.212132 1751.868318 324.808975 454.768392 405.902064 1549.464230 6559.170065 6371.573939 3229.003230 2075.354049 5223.598876 2059.004310 5464.716005 0.000000 4566.979412 3328.647040 1441.571076 3380.610352 5164.875785 6620.076444 5797.895343 2392.644279 60.977847 5415.676668 471.675051 4397.161109 568.150049 5807.509687 2064.157944 604.495659 551.553274
NEW 5528.146732 196.625234 5948.224764 1386.901448 4535.959108 3981.194482 1308.461925 3677.060112 3799.390914 4228.705270 7149.487455 3464.817557 445.173246 466.453575 3766.823984 2863.409239 600.525818 3363.273628 2026.034570 4566.979412 0.000000 1664.558129 2717.013419 1506.354617 581.056912 466.043818 319.415777 4710.011150 4963.819559 2024.712965 4505.508506 1287.136901 5978.276261 426.329485 968.929648 5527.371453 5143.688834
OCH 5840.132809 1577.499545 3574.262333 458.640835 3304.536922 2749.671020 475.070077 2350.074749 2766.363010 2138.607207 3094.053957 2013.512656 3337.473925 4525.762769 2856.310617 2795.484457 1139.187295 2463.014555 643.043673 3328.647040 1664.558129 0.000000 2071.058039 10.892098 1157.159691 3398.380096 4794.019849 2949.874383 2873.842056 643.214732 2271.671526 459.808404 6290.159671 1006.469247 602.164483 5839.357530 5456.020860
ORN 4440.678033 2139.333435 2156.514747 2182.781906 558.417221 557.397021 1641.147534 572.977618 1368.951340 1323.087239 1796.528386 86.737102 6616.277604 6428.682536 758.512849 199.439094 3384.351502 203.795568 1770.858801 1441.571076 2717.013419 2071.058039 0.000000 2072.978473 3321.629465 6677.183983 5854.997211 641.432338 1615.471761 2701.196658 1336.080405 1959.659727 1811.964618 1797.469360 1422.479330 4439.902987 1776.668056
ORY 5891.970672 1419.344018 3626.112202 460.952354 3306.685154 2751.819253 490.748437 2352.025473 2818.110948 2191.221325 3145.903825 2015.586376 3179.254535 4367.519165 2858.231117 2797.404933 1374.353676 2464.935031 637.971087 3380.610352 1506.354617 10.892098 2072.978473 0.000000 1392.330658 3240.160706 4635.812063 2951.794883 2925.809713 638.154990 1718.343882 443.466474 6342.002340 1397.719600 602.436603 5891.195393 5507.857641
OTO 6770.163790 512.918788 3675.545981 1145.379816 4079.505217 3524.742627 1336.735554 2825.848276 5039.179841 3102.333124 4487.912982 2711.611019 821.147684 2359.003977 3750.658577 3458.723167 30.098606 3125.180836 1698.873561 5164.875785 581.056912 1157.159691 3321.629465 1392.330658 0.000000 864.541591 757.751527 4693.980424 5561.929684 1697.536011 2646.578287 1096.308710 7220.417416 367.573383 812.266297 6769.388511 6385.862058
PAN 9370.619182 470.572335 7750.532476 3057.305818 7172.392106 6617.643455 4518.623712 6312.080429 7642.134657 6047.558412 8562.843145 5696.846551 62.358608 20.707094 6400.946084 6921.236727 879.373921 7421.101116 4683.361174 6620.076444 466.043818 3398.380096 6677.183983 3240.160706 864.541591 0.000000 206.955677 7344.036768 7016.444371 4682.044616 6325.048129 3060.151204 9820.866261 737.555624 2632.904257 9369.843903 8986.225742
PON 8548.438081 360.641044 6928.351376 5292.210923 6350.205378 5795.456727 3093.739553 5489.893657 6819.953557 5225.376247 7740.662045 1997.684927 191.669486 204.628034 5578.759312 6099.049955 802.617338 6598.914344 3306.698574 5797.895343 319.415777 4794.019849 5854.997211 4635.812063 757.751527 206.955677 0.000000 6521.849996 6194.263271 3305.384527 5502.865964 5294.901290 8998.685161 604.623926 1145.326303 8547.662803 8164.044642
PRO 4772.691954 4922.218087 3163.101551 2731.877895 649.266947 649.121249 2667.945993 101.535020 2356.278330 1892.788137 2459.411170 635.531592 7283.130389 7095.535321 7.993178 918.650633 4755.170283 869.883848 3973.930427 2392.644279 4710.011150 2949.874383 641.432338 2951.794883 4693.980424 7344.036768 6521.849996 0.000000 2192.364687 3924.892659 1971.652874 2932.116622 2390.286309 3920.966052 2376.669705 4771.916897 2500.529518
PTE 594.170146 4377.079287 420.333123 4407.062070 1934.221626 2790.408072 3958.124022 2242.412380 328.398433 467.853664 402.618639 1487.865635 6955.537992 6767.941866 3028.632812 2020.503235 5620.654157 2004.153553 5006.003287 60.977847 4963.819559 2873.842056 1615.471761 2925.809713 5561.929684 7016.444371 6194.263271 2192.364687 0.000000 4956.963950 480.851172 3940.064568 572.680157 6205.201340 1624.471782 600.420664 540.851812
RAT 6645.607240 1732.324836 3752.767445 275.415630 3897.879362 3343.173039 224.962110 2874.410937 3228.768604 3140.351286 3272.093361 2996.441921 4621.138058 2193.503216 4119.211274 3711.325972 1605.323232 3378.995347 3.447106 5415.676668 2024.712965 643.214732 2701.196658 638.154990 1697.536011 4682.044616 3305.384527 3924.892659 4956.963950 0.000000 3281.592840 291.763592 7095.704499 1572.116990 794.256678 6644.831961 6261.277143
SOR 700.613425 2792.823179 519.129447 1739.786588 1804.343736 2660.505352 3440.591912 1365.179972 463.026917 156.838698 507.060183 1448.028795 6264.141750 6076.545919 2808.213249 1905.307147 2705.174067 1888.892025 3330.632176 471.675051 4505.508506 2271.671526 1336.080405 1718.343882 2646.578287 6325.048129 5502.865964 1971.652874 480.851172 3281.592840 0.000000 3422.451167 714.908933 2492.951105 1524.830324 717.798197 679.608362
SPE 5527.166094 1229.208203 4742.044163 153.796306 3625.651991 3070.881565 187.318789 1883.165344 3642.134892 3279.826793 4261.320996 1817.058691 2999.244593 4182.985759 3126.437117 2522.495836 1266.894198 2190.185832 287.958417 4397.161109 1287.136901 459.808404 1959.659727 443.466474 1096.308710 3060.151204 5294.901290 2932.116622 3940.064568 291.763592 3422.451167 0.000000 5977.263293 1039.319518 634.530634 5526.390816 5142.838146
SUS 93.945364 7423.186652 612.217643 6443.191474 2803.151516 3659.282584 5995.325125 2439.806347 497.225633 692.642674 618.392932 1941.281948 9759.959882 9572.363756 3226.542956 2496.711866 7279.100660 2480.287483 7144.743835 568.150049 5978.276261 6290.159671 1811.964618 6342.002340 7220.417416 9820.866261 8998.685161 2390.286309 572.680157 7095.704499 714.908933 5977.263293 0.000000 5974.168212 5019.964614 95.487658 107.073281
TAR 5524.002660 353.316117 3840.215103 1086.152880 4585.538182 4030.777671 1082.610185 3582.428614 3792.739026 3881.188089 5041.495814 1733.287066 770.003920 706.475813 2977.875802 2535.573291 370.478286 3035.437680 1573.437508 5807.509687 426.329485 1006.469247 1797.469360 1397.719600 367.573383 737.555624 604.623926 3920.966052 6205.201340 1572.116990 2492.951105 1039.319518 5974.168212 0.000000 780.638012 5523.227382 5139.705512
TUP 4566.894103 959.168298 2098.335634 650.154153 2705.963219 2151.266552 685.026345 1390.678328 1660.734186 1473.896096 2903.727606 1393.655569 2571.997899 5156.401298 2282.828021 1838.773313 811.596800 1497.906763 795.712156 2064.157944 968.929648 602.164483 1422.479330 602.436603 812.266297 2632.904257 1145.326303 2376.669705 1624.471782 794.256678 1524.830324 634.530634 5019.964614 780.638012 0.000000 4566.118865 1779.897947
TUR 24.447915 6972.149694 645.662661 5992.319217 4177.949814 5034.080490 5544.452548 4821.346137 527.016040 745.701088 592.826945 4069.768400 9308.937524 9121.341398 5608.211932 4576.304412 6828.071755 4559.881165 6693.871298 604.495659 5527.371453 5839.357530 4439.902987 5891.195393 6769.388511 9369.843903 8547.662803 4771.916897 600.420664 6644.831961 717.798197 5526.390816 95.487658 5523.227382 4566.118865 0.000000 137.188102
VIC 133.619339 6588.690783 560.584720 5608.773913 2823.848484 3679.982113 5160.900278 2549.989322 489.679361 701.680867 566.068246 2399.626180 8925.319363 8737.723237 3336.804728 2653.073338 6444.545589 2636.674250 6310.316480 551.553274 5143.688834 5456.020860 1776.668056 5507.857641 6385.862058 8986.225742 8164.044642 2500.529518 540.851812 6261.277143 679.608362 5142.838146 107.073281 5139.705512 1779.897947 137.188102 0.000000
