11
0 0.000000 39.628266 40.281576 43.890306 37.294571 44.094690 31.680756 45.171354 45.196790 45.750237 37.183708
1 39.628266 0.000000 41.669204 44.562424 41.819695 43.690236 32.222429 40.393313 40.845756 41.929794 41.892692
10 40.281576 41.669204 0.000000 24.540005 42.013714 29.274582 44.594786 50.221745 47.409566 52.105445 45.022097
2 43.890306 44.562424 24.540005 0.000000 47.247358 28.579463 44.950774 44.608227 45.898661 48.400958 44.336089
3 37.294571 41.819695 42.013714 47.247358 0.000000 39.384458 37.665094 47.024122 50.553939 46.707286 24.672253
4 44.094690 43.690236 29.274582 28.579463 39.384458 0.000000 41.321521 46.761809 48.880631 46.986656 44.974611
5 31.680756 32.222429 44.594786 44.950774 37.665094 41.321521 0.000000 45.191301 46.949847 50.049210 36.388243
6 45.171354 40.393313 50.221745 44.608227 47.024122 46.761809 45.191301 0.000000 27.255445 25.959397 44.867228
7 45.196790 40.845756 47.409566 45.898661 50.553939 48.880631 46.949847 27.255445 0.000000 20.817576 48.810781
8 45.750237 41.929794 52.105445 48.400958 46.707286 46.986656 50.049210 25.959397 20.817576 0.000000 45.800388
9 37.183708 41.892692 45.022097 44.336089 24.672253 44.974611 36.388243 44.867228 48.810781 45.800388 0.000000
